know
{1, 514, 1025, 1026, 1029, 1543, 1546, 1035, 528, 530, 1042, 20, 532, 1045, 1555, 25, 541, 30, 1055, 35, 1573, 38, 39, 1576, 560, 561, 50, 563, 1589, 567, 56, 59, 574, 1087, 1089, 1604, 1605, 70, 1096, 1098, 79, 1104, 81, 594, 1615, 1108, 1618, 598, 1111, 600, 601, 91, 1630, 95, 607, 608, 609, 99, 610, 612, 614, 1127, 1641, 619, 1132, 621, 622, 1648, 113, 626, 1650, 631, 122, 1146, 1661, 126, 639, 1151, 130, 642, 644, 645, 646, 1156, 648, 1158, 1669, 1163, 1673, 142, 1168, 659, 148, 660, 1172, 1683, 152, 665, 666, 667, 1176, 157, 672, 161, 1185, 163, 676, 1701, 166, 1192, 170, 683, 1197, 1201, 690, 179, 691, 692, 693, 1202, 1205, 1716, 1721, 188, 1213, 1214, 1731, 1220, 198, 710, 1226, 1738, 1741, 1230, 208, 209, 1745, 211, 1237, 215, 1239, 217, 730, 219, 1240, 221, 1241, 224, 736, 1763, 230, 233, 745, 746, 1769, 1770, 756, 1780, 248, 761, 250, 252, 253, 764, 257, 772, 261, 774, 267, 788, 1303, 281, 284, 796, 286, 1308, 1310, 1820, 290, 1315, 1316, 1317, 806, 1827, 1829, 810, 1324, 1329, 307, 1844, 1335, 1341, 319, 1346, 1347, 1860, 837, 327, 1354, 844, 1875, 341, 1365, 1880, 345, 1369, 1882, 348, 1373, 1886, 351, 1887, 355, 357, 870, 1382, 1893, 1385, 876, 372, 887, 1399, 1402, 1914, 1915, 381, 387, 389, 1414, 1927, 1931, 910, 912, 1936, 402, 1939, 1429, 1430, 919, 409, 1945, 1435, 925, 927, 928, 417, 1954, 933, 1448, 937, 939, 1455, 1456, 946, 948, 949, 951, 440, 952, 954, 443, 956, 445, 447, 961, 456, 968, 458, 1480, 1483, 975, 464, 466, 980, 474, 986, 1499, 1501, 482, 486, 998, 489, 492, 494, 1007, 497, 1009, 1011, 1012, 1528}
1,2,0,#@
20,1,0,#@
25,1,0,#@
30,2,0,#@
35,2,0,#@
38,3,0,#@
39,1,0,#@
50,1,0,#@
56,1,0,#@
59,2,0,#@
70,1,0,#@
79,1,0,#@
81,1,0,#@
91,1,0,#@
95,1,0,#@
99,1,0,#@
113,1,0,#@
122,1,0,#@
126,1,0,#@
130,1,0,#@
142,1,0,#@
148,2,0,#@
152,1,0,#@
157,3,0,#@
161,2,0,#@
163,1,0,#@
166,1,0,#@
170,1,0,#@
179,3,0,#@
188,1,0,#@
198,1,0,#@
208,2,0,#@
209,1,0,#@
211,2,0,#@
215,1,0,#@
217,1,0,#@
219,1,0,#@
221,2,0,#@
224,8,0,#@
230,1,0,#@
233,1,0,#@
248,1,0,#@
250,1,0,#@
252,1,0,#@
253,1,0,#@
257,1,0,#@
261,2,0,#@
267,1,0,#@
281,2,0,#@
284,1,0,#@
286,1,0,#@
290,1,0,#@
307,1,0,#@
319,3,0,#@
327,1,0,#@
341,1,0,#@
345,1,0,#@
348,2,0,#@
351,1,0,#@
355,1,0,#@
357,1,0,#@
372,1,0,#@
381,1,0,#@
387,8,0,#@
389,1,0,#@
402,1,0,#@
409,1,0,#@
417,1,0,#@
440,1,0,#@
443,1,0,#@
445,1,0,#@
447,1,0,#@
456,2,0,#@
458,1,0,#@
464,1,0,#@
466,3,0,#@
474,2,0,#@
482,1,0,#@
486,1,0,#@
489,2,0,#@
492,1,0,#@
494,1,0,#@
497,1,0,#@
514,1,0,#@
528,1,0,#@
530,1,0,#@
532,1,0,#@
541,1,0,#@
560,1,0,#@
561,1,0,#@
563,2,0,#@
567,2,0,#@
574,1,0,#@
594,2,0,#@
598,1,0,#@
600,1,0,#@
601,1,0,#@
607,1,0,#@
608,2,0,#@
609,1,0,#@
610,2,0,#@
612,3,0,#@
614,1,0,#@
619,1,0,#@
621,1,0,#@
622,1,0,#@
626,3,0,#@
631,1,0,#@
639,2,0,#@
642,1,0,#@
644,1,0,#@
645,2,0,#@
646,1,0,#@
648,1,0,#@
659,3,0,#@
660,2,0,#@
665,1,0,#@
666,1,0,#@
667,2,0,#@
672,1,0,#@
676,2,0,#@
683,1,0,#@
690,1,0,#@
691,1,0,#@
692,1,0,#@
693,1,0,#@
710,2,0,#@
730,3,0,#@
736,1,0,#@
745,1,0,#@
746,1,0,#@
756,1,0,#@
761,1,0,#@
764,2,0,#@
772,1,0,#@
774,1,0,#@
788,3,0,#@
796,1,0,#@
806,1,0,#@
810,2,0,#@
837,1,0,#@
844,1,0,#@
870,1,0,#@
876,2,0,#@
887,1,0,#@
910,1,0,#@
912,2,0,#@
919,1,0,#@
925,3,0,#@
927,2,0,#@
928,3,0,#@
933,2,0,#@
937,2,0,#@
939,1,0,#@
946,1,0,#@
948,3,0,#@
949,1,0,#@
951,2,0,#@
952,3,0,#@
954,2,0,#@
956,1,0,#@
961,1,0,#@
968,1,0,#@
975,2,0,#@
980,1,0,#@
986,1,0,#@
998,1,0,#@
1007,3,0,#@
1009,1,0,#@
1011,1,0,#@
1012,1,0,#@
1025,1,0,#@
1026,1,0,#@
1029,1,0,#@
1035,1,0,#@
1042,1,0,#@
1045,3,0,#@
1055,1,0,#@
1087,2,0,#@
1089,1,0,#@
1096,2,0,#@
1098,1,0,#@
1104,2,0,#@
1108,1,0,#@
1111,1,0,#@
1127,1,0,#@
1132,1,0,#@
1146,1,0,#@
1151,3,0,#@
1156,1,0,#@
1158,2,0,#@
1163,3,0,#@
1168,2,0,#@
1172,1,0,#@
1176,1,0,#@
1185,1,0,#@
1192,1,0,#@
1197,1,0,#@
1201,3,0,#@
1202,1,0,#@
1205,2,0,#@
1213,1,0,#@
1214,1,0,#@
1220,1,0,#@
1226,3,0,#@
1230,1,0,#@
1237,1,0,#@
1239,1,0,#@
1240,2,0,#@
1241,1,0,#@
1303,1,0,#@
1308,1,0,#@
1310,1,0,#@
1315,2,0,#@
1316,3,0,#@
1317,2,0,#@
1324,1,0,#@
1329,1,0,#@
1335,1,0,#@
1341,1,0,#@
1346,1,0,#@
1347,1,0,#@
1354,2,0,#@
1365,3,0,#@
1369,1,0,#@
1373,1,0,#@
1382,1,0,#@
1385,1,0,#@
1399,2,0,#@
1402,2,0,#@
1414,4,0,#@
1429,1,0,#@
1430,1,0,#@
1435,1,0,#@
1448,1,0,#@
1455,1,0,#@
1456,2,0,#@
1480,1,0,#@
1483,1,0,#@
1499,1,0,#@
1501,1,0,#@
1528,1,0,#@
1543,1,0,#@
1546,1,0,#@
1555,1,0,#@
1573,1,0,#@
1576,1,0,#@
1589,3,0,#@
1604,1,0,#@
1605,3,0,#@
1615,3,0,#@
1618,1,0,#@
1630,1,0,#@
1641,1,0,#@
1648,1,0,#@
1650,1,0,#@
1661,3,0,#@
1669,2,0,#@
1673,1,0,#@
1683,2,0,#@
1701,1,0,#@
1716,1,0,#@
1721,1,0,#@
1731,1,0,#@
1738,2,0,#@
1741,1,0,#@
1745,2,0,#@
1763,1,0,#@
1769,2,0,#@
1770,1,0,#@
1780,3,0,#@
1820,1,0,#@
1827,2,0,#@
1829,2,0,#@
1844,1,0,#@
1860,2,0,#@
1875,1,0,#@
1880,1,0,#@
1882,1,0,#@
1886,1,0,#@
1887,1,0,#@
1893,3,0,#@
1914,1,0,#@
1915,2,0,#@
1927,1,0,#@
1931,1,0,#@
1936,1,0,#@
1939,1,0,#@
1945,1,0,#@
1954,1,0,#@
kai
{2, 1027, 132, 772, 1798, 383, 652, 277, 664, 923, 412, 796, 1179, 31, 1312, 1437, 290, 804, 1445, 1318, 39, 552, 1449, 429, 695, 1593, 1346, 964, 78, 854, 604, 1245, 867, 484, 1123, 487, 618, 364, 1275, 255}
2,1,0,#@
31,1,0,#@
39,1,0,#@
78,1,0,#@
132,7,0,#@
255,1,0,#@
277,5,0,#@
290,1,0,#@
364,1,0,#@
383,1,0,#@
412,1,0,#@
429,5,0,#@
484,1,0,#@
487,1,0,#@
552,1,0,#@
604,7,0,#@
618,3,0,#@
652,1,0,#@
664,2,0,#@
695,2,0,#@
772,1,0,#@
796,1,0,#@
804,3,0,#@
854,3,0,#@
867,1,0,#@
923,3,0,#@
964,1,0,#@
1027,1,0,#@
1123,1,0,#@
1179,2,0,#@
1245,3,0,#@
1275,1,0,#@
1312,3,0,#@
1318,2,0,#@
1346,1,0,#@
1437,1,0,#@
1445,1,0,#@
1449,2,0,#@
1593,1,0,#@
1798,1,0,#@
knowledg
{2, 1030, 7, 8, 523, 1037, 1041, 531, 1558, 1047, 1531, 1562, 541, 30, 544, 1056, 1057, 35, 549, 1573, 39, 40, 1063, 1064, 555, 46, 562, 565, 1078, 55, 56, 1593, 60, 1596, 65, 68, 582, 1607, 584, 1096, 1097, 1610, 1101, 591, 593, 1106, 83, 1109, 1621, 601, 1630, 609, 1634, 100, 101, 1637, 1638, 616, 108, 1132, 1136, 1137, 1650, 1652, 1654, 120, 632, 1661, 1664, 1665, 130, 1155, 1156, 1161, 650, 1678, 657, 1683, 148, 660, 1172, 1176, 153, 154, 155, 666, 157, 667, 669, 1688, 673, 1185, 675, 1192, 682, 1197, 179, 692, 1716, 182, 696, 700, 1725, 195, 707, 709, 1219, 1731, 712, 1737, 1226, 716, 1229, 718, 719, 1231, 1745, 722, 1238, 215, 727, 217, 218, 1753, 1244, 221, 1761, 740, 233, 745, 1259, 1769, 237, 750, 1262, 240, 1780, 1781, 248, 1273, 250, 1784, 764, 1279, 1280, 259, 772, 261, 778, 1295, 1807, 1809, 1822, 799, 1827, 805, 806, 295, 1317, 809, 1324, 1839, 1329, 1841, 308, 309, 1844, 1848, 1337, 826, 1855, 321, 1345, 1347, 1863, 840, 841, 1864, 1865, 1867, 845, 1869, 1870, 340, 853, 342, 344, 858, 1886, 864, 865, 1376, 355, 1891, 1385, 366, 1391, 1904, 1395, 375, 888, 1914, 1403, 1405, 1917, 383, 1923, 1924, 901, 393, 1418, 1934, 911, 912, 914, 1428, 1430, 409, 1435, 412, 418, 1443, 425, 1962, 427, 1966, 431, 1967, 1969, 948, 949, 1460, 951, 1463, 1977, 1980, 1984, 1473, 1476, 453, 456, 1480, 1483, 976, 983, 473, 985, 988, 1502, 479, 480, 484, 996, 486, 997, 1000, 489, 1516, 499, 507}
2,1,0,#@
7,2,0,#@
8,1,0,#@
30,1,0,#@
35,1,0,#@
39,1,0,#@
40,1,0,#@
46,1,0,#@
55,2,0,#@
56,1,0,#@
60,1,0,#@
65,1,0,#@
68,1,0,#@
83,1,0,#@
100,1,0,#@
101,1,0,#@
108,1,0,#@
120,1,0,#@
130,1,0,#@
148,2,0,#@
153,1,0,#@
154,2,0,#@
155,2,0,#@
157,11,0,#@
179,1,0,#@
182,1,0,#@
195,1,0,#@
215,2,0,#@
217,2,0,#@
218,3,0,#@
221,1,0,#@
233,1,0,#@
237,1,0,#@
240,2,0,#@
248,2,0,#@
250,1,0,#@
259,1,0,#@
261,1,0,#@
295,1,0,#@
308,1,0,#@
309,2,0,#@
321,1,0,#@
340,1,0,#@
342,1,0,#@
344,1,0,#@
355,1,0,#@
366,4,0,#@
375,1,0,#@
383,3,0,#@
393,1,0,#@
409,4,0,#@
412,1,0,#@
418,2,0,#@
425,3,0,#@
427,1,0,#@
431,1,0,#@
453,1,0,#@
456,2,0,#@
473,1,0,#@
479,2,0,#@
480,1,0,#@
484,3,0,#@
486,2,0,#@
489,1,0,#@
499,1,0,#@
507,1,0,#@
523,1,0,#@
531,1,0,#@
541,1,0,#@
544,1,0,#@
549,1,0,#@
555,1,0,#@
562,1,0,#@
565,1,0,#@
582,1,0,#@
584,1,0,#@
591,1,0,#@
593,1,0,#@
601,1,0,#@
609,1,0,#@
616,1,0,#@
632,2,0,#@
650,2,0,#@
657,1,0,#@
660,1,0,#@
666,1,0,#@
667,1,0,#@
669,1,0,#@
673,2,0,#@
675,1,0,#@
682,1,0,#@
692,1,0,#@
696,1,0,#@
700,2,0,#@
707,3,0,#@
709,1,0,#@
712,1,0,#@
716,2,0,#@
718,1,0,#@
719,1,0,#@
722,3,0,#@
727,1,0,#@
740,1,0,#@
745,1,0,#@
750,1,0,#@
764,1,0,#@
772,1,0,#@
778,1,0,#@
799,1,0,#@
805,1,0,#@
806,1,0,#@
809,3,0,#@
826,1,0,#@
840,1,0,#@
841,1,0,#@
845,1,0,#@
853,1,0,#@
858,1,0,#@
864,1,0,#@
865,1,0,#@
888,1,0,#@
901,3,0,#@
911,1,0,#@
912,1,0,#@
914,1,0,#@
948,11,0,#@
949,1,0,#@
951,1,0,#@
976,1,0,#@
983,1,0,#@
985,1,0,#@
988,3,0,#@
996,2,0,#@
997,2,0,#@
1000,1,0,#@
1030,1,0,#@
1037,1,0,#@
1041,1,0,#@
1047,1,0,#@
1056,2,0,#@
1057,1,0,#@
1063,1,0,#@
1064,2,0,#@
1078,1,0,#@
1096,1,0,#@
1097,1,0,#@
1101,1,0,#@
1106,1,0,#@
1109,1,0,#@
1132,1,0,#@
1136,2,0,#@
1137,2,0,#@
1155,1,0,#@
1156,1,0,#@
1161,1,0,#@
1172,1,0,#@
1176,1,0,#@
1185,1,0,#@
1192,1,0,#@
1197,1,0,#@
1219,1,0,#@
1226,1,0,#@
1229,1,0,#@
1231,3,0,#@
1238,4,0,#@
1244,1,0,#@
1259,1,0,#@
1262,1,0,#@
1273,1,0,#@
1279,3,0,#@
1280,2,0,#@
1295,1,0,#@
1317,1,0,#@
1324,2,0,#@
1329,1,0,#@
1337,1,0,#@
1345,1,0,#@
1347,4,0,#@
1376,1,0,#@
1385,1,0,#@
1391,1,0,#@
1395,1,0,#@
1403,1,0,#@
1405,1,0,#@
1418,3,0,#@
1428,1,0,#@
1430,2,0,#@
1435,1,0,#@
1443,1,0,#@
1460,2,0,#@
1463,1,0,#@
1473,1,0,#@
1476,1,0,#@
1480,2,0,#@
1483,2,0,#@
1502,4,0,#@
1516,1,0,#@
1531,1,0,#@
1558,1,0,#@
1562,1,0,#@
1573,4,0,#@
1593,1,0,#@
1596,1,0,#@
1607,1,0,#@
1610,2,0,#@
1621,3,0,#@
1630,1,0,#@
1634,1,0,#@
1637,1,0,#@
1638,1,0,#@
1650,1,0,#@
1652,1,0,#@
1654,2,0,#@
1661,1,0,#@
1664,1,0,#@
1665,1,0,#@
1678,1,0,#@
1683,1,0,#@
1688,4,0,#@
1716,2,0,#@
1725,2,0,#@
1731,2,0,#@
1737,1,0,#@
1745,1,0,#@
1753,1,0,#@
1761,3,0,#@
1769,1,0,#@
1780,1,0,#@
1781,1,0,#@
1784,4,0,#@
1807,2,0,#@
1809,1,0,#@
1822,1,0,#@
1827,1,0,#@
1839,1,0,#@
1841,1,0,#@
1844,1,0,#@
1848,2,0,#@
1855,2,0,#@
1863,4,0,#@
1864,1,0,#@
1865,4,0,#@
1867,1,0,#@
1869,1,0,#@
1870,1,0,#@
1886,3,0,#@
1891,2,0,#@
1904,1,0,#@
1914,1,0,#@
1917,1,0,#@
1923,2,0,#@
1924,1,0,#@
1934,1,0,#@
1962,1,0,#@
1966,1,0,#@
1967,1,0,#@
1969,1,0,#@
1977,4,0,#@
1980,1,0,#@
1984,1,0,#@
knew
{130, 3, 260, 7, 654, 1936, 148, 279, 23, 921, 667, 284, 1435, 162, 802, 1314, 1317, 550, 1661, 1324, 179, 1716, 949, 1205, 951, 59, 188, 1083, 456, 969, 1226, 1480, 1356, 845, 973, 207, 1738, 594, 211, 851, 1365, 1110, 1111, 1369, 474, 730, 858, 351, 353, 613, 230, 997, 1510, 745, 620, 1516, 495, 1007, 113, 626, 1780, 248, 635, 764, 381, 639}
3,1,0,#@
7,1,0,#@
23,1,0,#@
59,1,0,#@
113,1,0,#@
130,1,0,#@
148,3,0,#@
162,1,0,#@
179,1,0,#@
188,1,0,#@
207,1,0,#@
211,1,0,#@
230,1,0,#@
248,1,0,#@
260,1,0,#@
279,1,0,#@
284,1,0,#@
351,2,0,#@
353,1,0,#@
381,1,0,#@
456,3,0,#@
474,1,0,#@
495,1,0,#@
550,1,0,#@
594,1,0,#@
613,1,0,#@
620,1,0,#@
626,1,0,#@
635,2,0,#@
639,1,0,#@
654,1,0,#@
667,2,0,#@
730,2,0,#@
745,2,0,#@
764,1,0,#@
802,1,0,#@
845,1,0,#@
851,1,0,#@
858,1,0,#@
921,2,0,#@
949,2,0,#@
951,2,0,#@
969,1,0,#@
973,1,0,#@
997,1,0,#@
1007,2,0,#@
1083,1,0,#@
1110,1,0,#@
1111,2,0,#@
1205,1,0,#@
1226,1,0,#@
1314,1,0,#@
1317,1,0,#@
1324,1,0,#@
1356,1,0,#@
1365,1,0,#@
1369,1,0,#@
1435,1,0,#@
1480,1,0,#@
1510,1,0,#@
1516,1,0,#@
1661,1,0,#@
1716,1,0,#@
1738,1,0,#@
1780,1,0,#@
1936,2,0,#@
kurt
{5, 530, 31, 33, 39, 553, 563, 1075, 1077, 55, 568, 1080, 58, 574, 1086, 1093, 1098, 78, 1121, 611, 1123, 618, 110, 624, 114, 115, 126, 131, 1159, 1673, 650, 1166, 1172, 156, 157, 673, 1185, 165, 1194, 1197, 691, 1717, 182, 191, 1215, 1218, 712, 201, 728, 747, 236, 751, 752, 756, 250, 253, 767, 771, 772, 774, 269, 278, 1310, 287, 1311, 1312, 291, 803, 297, 309, 1335, 1346, 1351, 1352, 846, 1361, 854, 1367, 1372, 866, 356, 1380, 1388, 879, 369, 884, 1396, 1401, 378, 899, 394, 1421, 1429, 923, 417, 1445, 942, 947, 948, 448, 960, 964, 458, 976, 467, 475, 990, 992, 996, 1008, 1522, 506}
5,1,0,#@
31,1,0,#@
33,1,0,#@
39,1,0,#@
55,1,0,#@
58,2,0,#@
78,4,0,#@
110,1,0,#@
114,1,0,#@
115,2,0,#@
126,1,0,#@
131,1,0,#@
156,1,0,#@
157,3,0,#@
165,1,0,#@
182,1,0,#@
191,1,0,#@
201,1,0,#@
236,1,0,#@
250,4,0,#@
253,2,0,#@
269,2,0,#@
278,2,0,#@
287,1,0,#@
291,1,0,#@
297,1,0,#@
309,1,0,#@
356,1,0,#@
369,3,0,#@
378,1,0,#@
394,1,0,#@
417,1,0,#@
448,2,0,#@
458,1,0,#@
467,2,0,#@
475,3,0,#@
506,1,0,#@
530,1,0,#@
553,1,0,#@
563,1,0,#@
568,1,0,#@
574,1,0,#@
611,1,0,#@
618,2,0,#@
624,2,0,#@
650,1,0,#@
673,1,0,#@
691,1,0,#@
712,1,0,#@
728,1,0,#@
747,1,0,#@
751,1,0,#@
752,1,0,#@
756,1,0,#@
767,1,0,#@
771,3,0,#@
772,1,0,#@
774,2,0,#@
803,1,0,#@
846,2,0,#@
854,2,0,#@
866,1,0,#@
879,1,0,#@
884,1,0,#@
899,1,0,#@
923,1,0,#@
942,2,0,#@
947,2,0,#@
948,3,0,#@
960,1,0,#@
964,4,0,#@
976,1,0,#@
990,1,0,#@
992,1,0,#@
996,1,0,#@
1008,1,0,#@
1075,2,0,#@
1077,1,0,#@
1080,1,0,#@
1086,1,0,#@
1093,2,0,#@
1098,1,0,#@
1121,3,0,#@
1123,2,0,#@
1159,1,0,#@
1166,1,0,#@
1172,3,0,#@
1185,4,0,#@
1194,1,0,#@
1197,3,0,#@
1215,1,0,#@
1218,1,0,#@
1310,2,0,#@
1311,2,0,#@
1312,1,0,#@
1335,2,0,#@
1346,3,0,#@
1351,3,0,#@
1352,1,0,#@
1361,1,0,#@
1367,1,0,#@
1372,3,0,#@
1380,3,0,#@
1388,3,0,#@
1396,1,0,#@
1401,1,0,#@
1421,2,0,#@
1429,1,0,#@
1445,1,0,#@
1522,1,0,#@
1673,2,0,#@
1717,1,0,#@
kashani
{5, 965, 1383, 1352, 1005, 847, 767, 1171, 918, 1334, 831}
5,3,0,#@
767,3,0,#@
831,2,0,#@
847,8,0,#@
918,7,0,#@
965,7,0,#@
1005,2,0,#@
1171,2,0,#@
1334,8,0,#@
1352,3,0,#@
1383,2,0,#@
kid
{5, 1030, 7, 1036, 15, 530, 1042, 1044, 537, 545, 1058, 35, 1062, 551, 40, 1065, 555, 1580, 1069, 558, 559, 563, 1075, 1079, 56, 568, 58, 571, 1084, 1086, 576, 1601, 1090, 1093, 1605, 71, 75, 79, 80, 83, 85, 599, 1111, 90, 603, 1114, 605, 94, 1117, 608, 1121, 1123, 103, 618, 624, 1136, 1652, 121, 634, 1146, 637, 1150, 1661, 650, 140, 652, 142, 1683, 660, 1172, 152, 665, 1688, 155, 1179, 157, 1181, 671, 1183, 161, 1185, 678, 167, 170, 1706, 1197, 686, 179, 692, 182, 186, 187, 700, 1211, 190, 191, 192, 1215, 1219, 1731, 711, 712, 1225, 1226, 1738, 718, 1745, 1746, 211, 1241, 221, 734, 1247, 227, 1254, 1255, 232, 747, 236, 1259, 1260, 1262, 240, 1780, 757, 249, 250, 1275, 764, 767, 1792, 774, 776, 1807, 786, 278, 1302, 1306, 1818, 797, 799, 1311, 1317, 294, 810, 300, 301, 302, 812, 813, 1330, 1332, 309, 822, 1335, 1336, 825, 826, 827, 828, 1337, 1340, 1343, 832, 1851, 1346, 323, 324, 836, 1856, 1352, 1865, 1355, 844, 845, 846, 336, 338, 1362, 1875, 853, 854, 1366, 346, 858, 1372, 351, 1376, 1378, 867, 1382, 872, 1384, 362, 874, 878, 1396, 377, 890, 389, 394, 1422, 399, 1424, 1934, 1428, 919, 1431, 1437, 1440, 417, 427, 940, 1452, 944, 947, 948, 437, 956, 966, 1480, 1483, 972, 974, 975, 976, 465, 471, 474, 986, 990, 479, 997, 998, 487, 1510, 489, 1001, 492, 493, 1011, 504, 506}
5,4,0,#@
7,2,0,#@
15,5,0,#@
35,23,0,#@
40,1,0,#@
56,1,0,#@
58,1,0,#@
71,4,0,#@
75,1,0,#@
79,1,0,#@
80,1,0,#@
83,1,0,#@
85,1,0,#@
90,3,0,#@
94,3,0,#@
103,1,0,#@
121,1,0,#@
140,1,0,#@
142,5,0,#@
152,1,0,#@
155,1,0,#@
157,6,0,#@
161,1,0,#@
167,1,0,#@
170,1,0,#@
179,12,0,#@
182,2,0,#@
186,1,0,#@
187,2,0,#@
190,2,0,#@
191,10,0,#@
192,3,0,#@
211,1,0,#@
221,23,0,#@
227,1,0,#@
232,1,0,#@
236,10,0,#@
240,2,0,#@
249,2,0,#@
250,1,0,#@
278,1,0,#@
294,1,0,#@
300,1,0,#@
301,1,0,#@
302,1,0,#@
309,1,0,#@
323,2,0,#@
324,1,0,#@
336,1,0,#@
338,3,0,#@
346,1,0,#@
351,1,0,#@
362,2,0,#@
377,3,0,#@
389,5,0,#@
394,2,0,#@
399,1,0,#@
417,1,0,#@
427,1,0,#@
437,1,0,#@
465,3,0,#@
471,1,0,#@
474,1,0,#@
479,2,0,#@
487,1,0,#@
489,1,0,#@
492,1,0,#@
493,1,0,#@
504,1,0,#@
506,2,0,#@
530,1,0,#@
537,1,0,#@
545,1,0,#@
551,2,0,#@
555,1,0,#@
558,1,0,#@
559,1,0,#@
563,3,0,#@
568,3,0,#@
571,3,0,#@
576,1,0,#@
599,1,0,#@
603,5,0,#@
605,1,0,#@
608,2,0,#@
618,2,0,#@
624,1,0,#@
634,2,0,#@
637,1,0,#@
650,1,0,#@
652,1,0,#@
660,1,0,#@
665,1,0,#@
671,1,0,#@
678,3,0,#@
686,2,0,#@
692,1,0,#@
700,1,0,#@
711,2,0,#@
712,2,0,#@
718,2,0,#@
734,1,0,#@
747,1,0,#@
757,2,0,#@
764,1,0,#@
767,4,0,#@
774,1,0,#@
776,3,0,#@
786,3,0,#@
797,2,0,#@
799,1,0,#@
810,2,0,#@
812,1,0,#@
813,1,0,#@
822,3,0,#@
825,2,0,#@
826,1,0,#@
827,1,0,#@
828,2,0,#@
832,1,0,#@
836,1,0,#@
844,1,0,#@
845,2,0,#@
846,1,0,#@
853,1,0,#@
854,2,0,#@
858,2,0,#@
867,1,0,#@
872,1,0,#@
874,1,0,#@
878,1,0,#@
890,1,0,#@
919,1,0,#@
940,1,0,#@
944,1,0,#@
947,1,0,#@
948,6,0,#@
956,1,0,#@
966,2,0,#@
972,2,0,#@
974,1,0,#@
975,1,0,#@
976,1,0,#@
986,1,0,#@
990,1,0,#@
997,2,0,#@
998,1,0,#@
1001,2,0,#@
1011,1,0,#@
1030,1,0,#@
1036,1,0,#@
1042,1,0,#@
1044,2,0,#@
1058,4,0,#@
1062,3,0,#@
1065,1,0,#@
1069,1,0,#@
1075,1,0,#@
1079,1,0,#@
1084,1,0,#@
1086,1,0,#@
1090,1,0,#@
1093,1,0,#@
1111,1,0,#@
1114,1,0,#@
1117,1,0,#@
1121,3,0,#@
1123,2,0,#@
1136,2,0,#@
1146,4,0,#@
1150,1,0,#@
1172,4,0,#@
1179,1,0,#@
1181,4,0,#@
1183,4,0,#@
1185,1,0,#@
1197,4,0,#@
1211,2,0,#@
1215,1,0,#@
1219,1,0,#@
1225,1,0,#@
1226,12,0,#@
1241,1,0,#@
1247,1,0,#@
1254,1,0,#@
1255,1,0,#@
1259,1,0,#@
1260,1,0,#@
1262,1,0,#@
1275,2,0,#@
1302,1,0,#@
1306,4,0,#@
1311,1,0,#@
1317,1,0,#@
1330,3,0,#@
1332,1,0,#@
1335,1,0,#@
1336,1,0,#@
1337,1,0,#@
1340,1,0,#@
1343,1,0,#@
1346,4,0,#@
1352,4,0,#@
1355,1,0,#@
1362,3,0,#@
1366,1,0,#@
1372,3,0,#@
1376,2,0,#@
1378,3,0,#@
1382,4,0,#@
1384,1,0,#@
1396,3,0,#@
1422,1,0,#@
1424,1,0,#@
1428,1,0,#@
1431,10,0,#@
1437,1,0,#@
1440,1,0,#@
1452,10,0,#@
1480,3,0,#@
1483,1,0,#@
1510,2,0,#@
1580,2,0,#@
1601,2,0,#@
1605,1,0,#@
1652,1,0,#@
1661,12,0,#@
1683,1,0,#@
1688,3,0,#@
1706,1,0,#@
1731,1,0,#@
1738,9,0,#@
1745,1,0,#@
1746,1,0,#@
1780,12,0,#@
1792,2,0,#@
1807,1,0,#@
1818,1,0,#@
1851,1,0,#@
1856,1,0,#@
1865,3,0,#@
1875,1,0,#@
1934,1,0,#@
keep
{5, 1029, 15, 1041, 1045, 1049, 541, 35, 37, 551, 1065, 561, 1075, 1589, 1078, 60, 66, 1090, 1093, 1096, 588, 591, 1615, 595, 598, 601, 602, 603, 1114, 605, 606, 1629, 609, 103, 623, 625, 626, 1650, 1142, 121, 635, 1149, 1150, 1157, 1669, 647, 136, 654, 1678, 657, 659, 148, 660, 1683, 162, 166, 1201, 189, 190, 1731, 708, 1745, 1746, 211, 1237, 221, 222, 1247, 738, 233, 234, 1769, 241, 760, 761, 767, 1792, 1283, 261, 1798, 1287, 265, 1290, 270, 788, 1300, 278, 1818, 796, 290, 1314, 1829, 1832, 298, 1323, 1325, 817, 1841, 1332, 316, 322, 323, 1352, 841, 1864, 1356, 1869, 334, 1365, 354, 362, 877, 1908, 885, 1413, 1925, 1417, 909, 1936, 913, 916, 1432, 921, 1433, 1952, 1955, 939, 940, 1963, 1460, 438, 950, 443, 1982, 456, 968, 1483, 972, 974, 463, 976, 474, 998, 489, 1515, 492, 496, 505, 1020}
5,1,0,#@
15,1,0,#@
35,1,0,#@
37,1,0,#@
60,1,0,#@
66,1,0,#@
103,1,0,#@
121,1,0,#@
136,1,0,#@
148,3,0,#@
162,2,0,#@
166,1,0,#@
189,1,0,#@
190,1,0,#@
211,1,0,#@
221,1,0,#@
222,1,0,#@
233,2,0,#@
234,1,0,#@
241,2,0,#@
261,1,0,#@
265,1,0,#@
270,1,0,#@
278,2,0,#@
290,1,0,#@
298,1,0,#@
316,1,0,#@
322,1,0,#@
323,1,0,#@
334,1,0,#@
354,1,0,#@
362,1,0,#@
438,1,0,#@
443,1,0,#@
456,3,0,#@
463,1,0,#@
474,1,0,#@
489,1,0,#@
492,1,0,#@
496,1,0,#@
505,1,0,#@
541,1,0,#@
551,1,0,#@
561,1,0,#@
588,1,0,#@
591,1,0,#@
595,1,0,#@
598,2,0,#@
601,1,0,#@
602,1,0,#@
603,1,0,#@
605,1,0,#@
606,1,0,#@
609,2,0,#@
623,1,0,#@
625,1,0,#@
626,1,0,#@
635,1,0,#@
647,1,0,#@
654,1,0,#@
657,2,0,#@
659,2,0,#@
660,1,0,#@
708,1,0,#@
738,1,0,#@
760,2,0,#@
761,1,0,#@
767,1,0,#@
788,2,0,#@
796,1,0,#@
817,1,0,#@
841,2,0,#@
877,1,0,#@
885,2,0,#@
909,1,0,#@
913,1,0,#@
916,1,0,#@
921,1,0,#@
939,1,0,#@
940,1,0,#@
950,1,0,#@
968,2,0,#@
972,1,0,#@
974,1,0,#@
976,1,0,#@
998,1,0,#@
1020,1,0,#@
1029,2,0,#@
1041,1,0,#@
1045,1,0,#@
1049,1,0,#@
1065,2,0,#@
1075,2,0,#@
1078,1,0,#@
1090,1,0,#@
1093,2,0,#@
1096,1,0,#@
1114,1,0,#@
1142,2,0,#@
1149,1,0,#@
1150,1,0,#@
1157,1,0,#@
1201,1,0,#@
1237,1,0,#@
1247,1,0,#@
1283,1,0,#@
1287,1,0,#@
1290,2,0,#@
1300,1,0,#@
1314,1,0,#@
1323,1,0,#@
1325,1,0,#@
1332,1,0,#@
1352,1,0,#@
1356,2,0,#@
1365,1,0,#@
1413,1,0,#@
1417,1,0,#@
1432,2,0,#@
1433,1,0,#@
1460,1,0,#@
1483,1,0,#@
1515,1,0,#@
1589,1,0,#@
1615,1,0,#@
1629,1,0,#@
1650,1,0,#@
1669,2,0,#@
1678,1,0,#@
1683,1,0,#@
1731,1,0,#@
1745,1,0,#@
1746,1,0,#@
1769,1,0,#@
1792,1,0,#@
1798,1,0,#@
1818,1,0,#@
1829,2,0,#@
1832,1,0,#@
1841,1,0,#@
1864,1,0,#@
1869,1,0,#@
1908,1,0,#@
1925,1,0,#@
1936,1,0,#@
1952,1,0,#@
1955,1,0,#@
1963,1,0,#@
1982,1,0,#@
kyli
{1156, 6, 267, 923, 157, 1438, 31, 1312, 418, 165, 1317, 1445, 1194, 948, 704, 835, 710, 1350, 209, 1106, 599, 346, 355, 358, 1137, 375, 1402, 764}
6,1,0,#@
31,1,0,#@
157,1,0,#@
165,1,0,#@
209,1,0,#@
267,1,0,#@
346,4,0,#@
355,1,0,#@
358,1,0,#@
375,1,0,#@
418,1,0,#@
599,4,0,#@
704,1,0,#@
710,1,0,#@
764,1,0,#@
835,1,0,#@
923,1,0,#@
948,1,0,#@
1106,1,0,#@
1137,1,0,#@
1156,1,0,#@
1194,1,0,#@
1312,1,0,#@
1317,1,0,#@
1350,1,0,#@
1402,1,0,#@
1438,1,0,#@
1445,1,0,#@
known
{1025, 6, 1030, 1040, 1554, 1556, 1559, 539, 1055, 1567, 38, 1063, 40, 1071, 567, 57, 1099, 1101, 1104, 600, 1113, 1629, 1630, 97, 612, 107, 113, 1652, 1655, 1153, 1154, 643, 1158, 1670, 1673, 140, 1164, 658, 1683, 660, 157, 169, 1716, 188, 1725, 707, 1219, 1734, 1738, 205, 719, 1745, 1751, 1243, 220, 1251, 230, 744, 1781, 758, 253, 1285, 1800, 265, 777, 1292, 1301, 792, 1307, 284, 1310, 806, 1319, 1323, 815, 1853, 321, 837, 1350, 327, 1364, 344, 1369, 1891, 1383, 1897, 1898, 365, 878, 887, 381, 1405, 898, 1412, 1925, 1414, 1418, 1420, 406, 1947, 416, 937, 1453, 433, 948, 445, 462, 1495, 476, 480, 489, 1009, 1010, 1526, 1528, 1019}
6,1,0,#@
38,1,0,#@
40,1,0,#@
57,1,0,#@
97,1,0,#@
107,1,0,#@
113,1,0,#@
140,1,0,#@
157,2,0,#@
169,1,0,#@
188,1,0,#@
205,1,0,#@
220,1,0,#@
230,1,0,#@
253,1,0,#@
265,1,0,#@
284,1,0,#@
321,1,0,#@
327,1,0,#@
344,1,0,#@
365,1,0,#@
381,1,0,#@
406,1,0,#@
416,1,0,#@
433,1,0,#@
445,1,0,#@
462,1,0,#@
476,1,0,#@
480,1,0,#@
489,1,0,#@
539,1,0,#@
567,1,0,#@
600,1,0,#@
612,1,0,#@
643,1,0,#@
658,1,0,#@
660,1,0,#@
707,1,0,#@
719,1,0,#@
744,1,0,#@
758,1,0,#@
777,1,0,#@
792,1,0,#@
806,1,0,#@
815,1,0,#@
837,1,0,#@
878,1,0,#@
887,1,0,#@
898,1,0,#@
937,1,0,#@
948,2,0,#@
1009,1,0,#@
1010,1,0,#@
1019,1,0,#@
1025,1,0,#@
1030,1,0,#@
1040,1,0,#@
1055,1,0,#@
1063,1,0,#@
1071,1,0,#@
1099,1,0,#@
1101,1,0,#@
1104,1,0,#@
1113,1,0,#@
1153,1,0,#@
1154,1,0,#@
1158,1,0,#@
1164,1,0,#@
1219,1,0,#@
1243,1,0,#@
1251,1,0,#@
1285,1,0,#@
1292,1,0,#@
1301,1,0,#@
1307,1,0,#@
1310,1,0,#@
1319,1,0,#@
1323,1,0,#@
1350,1,0,#@
1364,1,0,#@
1369,1,0,#@
1383,1,0,#@
1405,1,0,#@
1412,1,0,#@
1414,1,0,#@
1418,1,0,#@
1420,1,0,#@
1453,1,0,#@
1495,1,0,#@
1526,1,0,#@
1528,1,0,#@
1554,1,0,#@
1556,1,0,#@
1559,1,0,#@
1567,1,0,#@
1629,1,0,#@
1630,1,0,#@
1652,1,0,#@
1655,1,0,#@
1670,1,0,#@
1673,1,0,#@
1683,1,0,#@
1716,1,0,#@
1725,1,0,#@
1734,1,0,#@
1738,1,0,#@
1745,1,0,#@
1751,1,0,#@
1781,1,0,#@
1800,1,0,#@
1853,2,0,#@
1891,1,0,#@
1897,1,0,#@
1898,1,0,#@
1925,1,0,#@
1947,1,0,#@
kind
{512, 7, 8, 1543, 1036, 1551, 1041, 1045, 1056, 1061, 552, 1589, 566, 1078, 56, 1082, 1087, 1091, 1094, 1610, 1615, 592, 593, 598, 1622, 1113, 1124, 1636, 1642, 1132, 1136, 625, 626, 115, 1650, 121, 128, 1154, 1156, 645, 649, 1161, 651, 142, 1168, 1176, 153, 154, 156, 157, 160, 675, 1701, 1192, 169, 685, 1201, 692, 1725, 720, 722, 723, 1748, 1240, 1241, 730, 1753, 220, 733, 224, 225, 230, 1767, 746, 748, 240, 242, 251, 764, 252, 1792, 257, 771, 263, 269, 1295, 784, 275, 279, 1816, 1307, 1311, 1317, 295, 809, 302, 815, 1328, 817, 819, 314, 829, 1345, 327, 844, 333, 845, 846, 1875, 1876, 1365, 344, 1369, 858, 1882, 864, 865, 354, 355, 356, 1891, 360, 1385, 875, 364, 876, 1391, 884, 373, 1401, 387, 899, 389, 901, 1927, 393, 1939, 406, 918, 1431, 1943, 929, 1441, 425, 940, 1452, 942, 947, 436, 948, 950, 1473, 965, 968, 1480, 475, 479, 992, 997, 1000, 495, 1007, 1009}
7,1,0,#@
8,2,0,#@
56,1,0,#@
115,1,0,#@
121,2,0,#@
128,1,0,#@
142,2,0,#@
153,1,0,#@
154,1,0,#@
156,1,0,#@
157,9,0,#@
160,1,0,#@
169,1,0,#@
220,1,0,#@
224,1,0,#@
225,3,0,#@
230,1,0,#@
240,1,0,#@
242,1,0,#@
251,1,0,#@
252,1,0,#@
257,1,0,#@
263,1,0,#@
269,1,0,#@
275,1,0,#@
279,1,0,#@
295,1,0,#@
302,1,0,#@
314,1,0,#@
327,1,0,#@
333,1,0,#@
344,1,0,#@
354,1,0,#@
355,1,0,#@
356,1,0,#@
360,1,0,#@
364,1,0,#@
373,1,0,#@
387,1,0,#@
389,2,0,#@
393,1,0,#@
406,1,0,#@
425,1,0,#@
436,1,0,#@
475,1,0,#@
479,1,0,#@
495,1,0,#@
512,1,0,#@
552,1,0,#@
566,1,0,#@
592,1,0,#@
593,2,0,#@
598,1,0,#@
625,1,0,#@
626,1,0,#@
645,1,0,#@
649,3,0,#@
651,1,0,#@
675,1,0,#@
685,1,0,#@
692,1,0,#@
720,1,0,#@
722,1,0,#@
723,1,0,#@
730,2,0,#@
733,1,0,#@
746,1,0,#@
748,1,0,#@
764,1,0,#@
771,1,0,#@
784,5,0,#@
809,1,0,#@
815,1,0,#@
817,1,0,#@
819,5,0,#@
829,1,0,#@
844,1,0,#@
845,1,0,#@
846,1,0,#@
858,1,0,#@
864,1,0,#@
865,1,0,#@
875,1,0,#@
876,1,0,#@
884,1,0,#@
899,1,0,#@
901,1,0,#@
918,1,0,#@
929,1,0,#@
940,2,0,#@
942,1,0,#@
947,1,0,#@
948,9,0,#@
950,1,0,#@
965,1,0,#@
968,1,0,#@
992,1,0,#@
997,1,0,#@
1000,1,0,#@
1007,2,0,#@
1009,1,0,#@
1036,1,0,#@
1041,1,0,#@
1045,1,0,#@
1056,1,0,#@
1061,1,0,#@
1078,1,0,#@
1082,1,0,#@
1087,1,0,#@
1091,1,0,#@
1094,2,0,#@
1113,1,0,#@
1124,1,0,#@
1132,1,0,#@
1136,1,0,#@
1154,1,0,#@
1156,1,0,#@
1161,1,0,#@
1168,1,0,#@
1176,2,0,#@
1192,1,0,#@
1201,1,0,#@
1240,1,0,#@
1241,1,0,#@
1295,1,0,#@
1307,1,0,#@
1311,1,0,#@
1317,1,0,#@
1328,1,0,#@
1345,1,0,#@
1365,1,0,#@
1369,1,0,#@
1385,2,0,#@
1391,1,0,#@
1401,1,0,#@
1431,1,0,#@
1441,1,0,#@
1452,1,0,#@
1473,1,0,#@
1480,1,0,#@
1543,1,0,#@
1551,1,0,#@
1589,1,0,#@
1610,1,0,#@
1615,1,0,#@
1622,1,0,#@
1636,1,0,#@
1642,1,0,#@
1650,1,0,#@
1701,1,0,#@
1725,2,0,#@
1748,1,0,#@
1753,1,0,#@
1767,1,0,#@
1792,1,0,#@
1816,1,0,#@
1875,2,0,#@
1876,1,0,#@
1882,1,0,#@
1891,2,0,#@
1927,1,0,#@
1939,1,0,#@
1943,1,0,#@
keynot
{512, 1408, 898, 1537, 1540, 10, 779, 268, 396, 1036, 1420, 1547, 404, 661, 406, 919, 1045, 1941, 666, 1307, 1690, 1181, 416, 1057, 549, 806, 813, 302, 687, 1201, 1329, 1338, 580, 69, 1607, 1481, 1099, 1370, 1499, 1375, 992, 1504, 1378, 1126, 1254, 1382, 1648, 1521, 1650, 1011, 1015, 504, 1401, 1146, 124, 1918, 1535}
10,1,0,#@
69,3,0,#@
124,1,0,#@
268,1,0,#@
302,1,0,#@
396,1,0,#@
404,1,0,#@
406,1,0,#@
416,1,0,#@
504,1,0,#@
512,1,0,#@
549,1,0,#@
580,3,0,#@
661,1,0,#@
666,1,0,#@
687,3,0,#@
779,2,0,#@
806,1,0,#@
813,1,0,#@
898,1,0,#@
919,1,0,#@
992,1,0,#@
1011,1,0,#@
1015,2,0,#@
1036,1,0,#@
1045,1,0,#@
1057,1,0,#@
1099,1,0,#@
1126,1,0,#@
1146,2,0,#@
1181,1,0,#@
1201,1,0,#@
1254,1,0,#@
1307,1,0,#@
1329,1,0,#@
1338,1,0,#@
1370,3,0,#@
1375,1,0,#@
1378,2,0,#@
1382,2,0,#@
1401,1,0,#@
1408,1,0,#@
1420,1,0,#@
1481,1,0,#@
1499,1,0,#@
1504,1,0,#@
1521,1,0,#@
1535,1,0,#@
1537,1,0,#@
1540,1,0,#@
1547,3,0,#@
1607,1,0,#@
1648,4,0,#@
1650,1,0,#@
1690,3,0,#@
1918,1,0,#@
1941,1,0,#@
knutson
{807, 583, 12, 1139, 159}
12,1,0,#@
159,1,0,#@
583,1,0,#@
807,1,0,#@
1139,1,0,#@
kat
{770, 388, 1157, 1030, 1413, 1034, 1290, 140, 397, 781, 16, 528, 530, 1169, 22, 1432, 27, 1311, 417, 1187, 551, 40, 1447, 1448, 941, 686, 943, 179, 691, 947, 574, 577, 1089, 1219, 1098, 1226, 972, 846, 85, 471, 983, 602, 1242, 1244, 93, 606, 993, 615, 362, 878, 497, 1404, 509}
16,3,0,#@
22,1,0,#@
27,1,0,#@
40,2,0,#@
85,2,0,#@
93,1,0,#@
140,3,0,#@
179,1,0,#@
362,4,0,#@
388,1,0,#@
397,3,0,#@
417,1,0,#@
471,2,0,#@
497,1,0,#@
509,1,0,#@
528,1,0,#@
530,1,0,#@
551,4,0,#@
574,1,0,#@
577,2,0,#@
602,1,0,#@
606,4,0,#@
615,3,0,#@
686,2,0,#@
691,1,0,#@
770,2,0,#@
781,1,0,#@
846,2,0,#@
878,3,0,#@
941,1,0,#@
943,1,0,#@
947,2,0,#@
972,4,0,#@
983,1,0,#@
993,1,0,#@
1030,2,0,#@
1034,3,0,#@
1089,1,0,#@
1098,1,0,#@
1157,4,0,#@
1169,1,0,#@
1187,1,0,#@
1219,2,0,#@
1226,1,0,#@
1242,1,0,#@
1244,1,0,#@
1290,4,0,#@
1311,2,0,#@
1404,1,0,#@
1413,1,0,#@
1432,4,0,#@
1447,1,0,#@
1448,1,0,#@
karen
{1410, 1273, 391, 394, 269, 909, 399, 1165, 1297, 1298, 20, 1303, 1050, 923, 1312, 932, 550, 423, 168, 680, 683, 563, 692, 56, 696, 318, 705, 322, 452, 836, 1737, 206, 851, 478, 352, 995, 870, 1383, 882, 371, 628, 1013, 249, 506, 254, 511}
20,1,0,#@
56,3,0,#@
168,1,0,#@
206,1,0,#@
249,1,0,#@
254,1,0,#@
269,2,0,#@
318,1,0,#@
322,1,0,#@
352,1,0,#@
371,1,0,#@
391,2,0,#@
394,1,0,#@
399,1,0,#@
423,1,0,#@
452,1,0,#@
478,1,0,#@
506,1,0,#@
511,1,0,#@
550,1,0,#@
563,1,0,#@
628,1,0,#@
680,1,0,#@
683,1,0,#@
692,3,0,#@
696,7,0,#@
705,2,0,#@
836,1,0,#@
851,1,0,#@
870,2,0,#@
882,1,0,#@
909,1,0,#@
923,1,0,#@
932,2,0,#@
995,1,0,#@
1013,1,0,#@
1050,1,0,#@
1165,1,0,#@
1273,7,0,#@
1297,1,0,#@
1298,3,0,#@
1303,2,0,#@
1312,1,0,#@
1383,1,0,#@
1410,2,0,#@
1737,1,0,#@
kobsa
{640, 257, 1537, 1027, 1029, 1414, 1669, 402, 147, 1812, 21, 1301, 151, 791, 895, 1178, 923, 1303, 157, 1308, 31, 1312, 1567, 1571, 164, 293, 1445, 1829, 1065, 1713, 690, 948, 53, 1207, 450, 451, 838, 199, 1481, 462, 1358, 464, 1364, 597, 731, 1243, 222, 607, 482, 870, 998, 617, 492, 1004, 623, 370, 1278, 255}
21,1,0,#@
31,1,0,#@
53,1,0,#@
147,1,0,#@
151,1,0,#@
157,6,0,#@
164,1,0,#@
199,5,0,#@
222,4,0,#@
255,3,0,#@
257,3,0,#@
293,1,0,#@
370,1,0,#@
402,1,0,#@
450,4,0,#@
451,1,0,#@
462,2,0,#@
464,3,0,#@
482,1,0,#@
492,8,0,#@
597,4,0,#@
607,3,0,#@
617,1,0,#@
623,4,0,#@
640,1,0,#@
690,1,0,#@
731,5,0,#@
791,1,0,#@
838,1,0,#@
870,3,0,#@
895,1,0,#@
923,2,0,#@
948,6,0,#@
998,8,0,#@
1004,1,0,#@
1027,3,0,#@
1029,1,0,#@
1065,4,0,#@
1178,1,0,#@
1207,1,0,#@
1243,2,0,#@
1278,1,0,#@
1301,4,0,#@
1303,3,0,#@
1308,1,0,#@
1312,2,0,#@
1358,1,0,#@
1364,4,0,#@
1414,3,0,#@
1445,1,0,#@
1481,1,0,#@
1537,1,0,#@
1567,2,0,#@
1571,1,0,#@
1669,1,0,#@
1713,1,0,#@
1812,1,0,#@
1829,1,0,#@
kidnap
{160, 257, 1441, 995, 875, 814, 1297, 147, 21, 87, 314}
21,1,0,#@
87,1,0,#@
147,1,0,#@
160,2,0,#@
257,1,0,#@
314,1,0,#@
814,1,0,#@
875,2,0,#@
995,1,0,#@
1297,1,0,#@
1441,1,0,#@
khou
{736, 614, 74, 363, 1108, 1110, 23, 219}
23,3,0,#@
74,1,0,#@
219,1,0,#@
363,1,0,#@
614,1,0,#@
736,1,0,#@
1108,1,0,#@
1110,3,0,#@
kaiser
{166, 646, 74, 363, 236, 939, 692, 1108, 1110, 23, 56, 219, 1373, 191}
23,1,0,#@
56,1,0,#@
74,1,0,#@
166,1,0,#@
191,1,0,#@
219,3,0,#@
236,1,0,#@
363,1,0,#@
646,1,0,#@
692,1,0,#@
939,1,0,#@
1108,3,0,#@
1110,1,0,#@
1373,1,0,#@
khung
{1219, 1030, 40, 1239, 25}
25,6,0,#@
40,1,0,#@
1030,1,0,#@
1219,1,0,#@
1239,6,0,#@
kingston
{25, 1239}
25,1,0,#@
1239,1,0,#@
kenyan
{26, 931}
26,1,0,#@
931,1,0,#@
kim
{1312, 1537, 931, 836, 165, 1604, 1860, 1576, 1481, 1194, 399, 1489, 1713, 1880, 1625, 26, 923}
26,1,0,#@
165,6,0,#@
399,1,0,#@
836,1,0,#@
923,1,0,#@
931,1,0,#@
1194,6,0,#@
1312,1,0,#@
1481,1,0,#@
1489,2,0,#@
1537,1,0,#@
1576,1,0,#@
1604,1,0,#@
1625,1,0,#@
1713,1,0,#@
1860,1,0,#@
1880,1,0,#@
kenya
{26, 931}
26,1,0,#@
931,1,0,#@
kabc
{1189, 651, 748, 1102, 1326, 29, 820, 953, 733}
29,1,0,#@
651,1,0,#@
733,1,0,#@
748,1,0,#@
820,2,0,#@
953,1,0,#@
1102,1,0,#@
1189,1,0,#@
1326,2,0,#@
kay
{640, 1153, 1027, 255, 1412, 1163, 1036, 1178, 923, 31, 1312, 1445, 934, 428, 813, 302, 1069, 1714, 72, 850, 734, 485, 998, 492, 1138, 1151}
31,1,0,#@
72,26,0,#@
255,3,0,#@
302,4,0,#@
428,1,0,#@
485,1,0,#@
492,1,0,#@
640,7,0,#@
734,1,0,#@
813,4,0,#@
850,1,0,#@
923,2,0,#@
934,1,0,#@
998,1,0,#@
1027,3,0,#@
1036,4,0,#@
1069,1,0,#@
1138,26,0,#@
1151,2,0,#@
1153,1,0,#@
1163,2,0,#@
1178,7,0,#@
1312,2,0,#@
1412,1,0,#@
1445,1,0,#@
1714,2,0,#@
kati
{514, 31, 545, 1063, 1077, 568, 1086, 1096, 589, 78, 80, 1117, 1123, 109, 622, 115, 1140, 117, 631, 642, 650, 1172, 663, 664, 667, 157, 1185, 165, 677, 1194, 1197, 182, 187, 1215, 711, 712, 210, 722, 1769, 750, 751, 752, 757, 250, 1275, 771, 261, 776, 269, 1302, 795, 287, 799, 1312, 291, 1318, 309, 315, 828, 1346, 1362, 853, 345, 872, 873, 1387, 372, 1396, 1403, 901, 398, 1428, 1431, 923, 1445, 1452, 942, 948, 951, 960, 964, 460, 475, 480, 999, 1001, 1522, 501, 1022}
31,1,0,#@
78,1,0,#@
80,1,0,#@
109,1,0,#@
115,1,0,#@
117,1,0,#@
157,6,0,#@
165,1,0,#@
182,1,0,#@
187,3,0,#@
210,1,0,#@
250,1,0,#@
261,3,0,#@
269,1,0,#@
287,1,0,#@
291,1,0,#@
309,1,0,#@
315,1,0,#@
345,1,0,#@
372,1,0,#@
398,2,0,#@
460,1,0,#@
475,2,0,#@
480,1,0,#@
501,1,0,#@
514,2,0,#@
545,1,0,#@
568,4,0,#@
589,1,0,#@
622,1,0,#@
631,2,0,#@
642,1,0,#@
650,1,0,#@
663,1,0,#@
664,2,0,#@
667,1,0,#@
677,1,0,#@
711,2,0,#@
712,1,0,#@
722,1,0,#@
750,1,0,#@
751,1,0,#@
752,1,0,#@
757,2,0,#@
771,2,0,#@
776,1,0,#@
795,1,0,#@
799,1,0,#@
828,3,0,#@
853,1,0,#@
872,2,0,#@
873,1,0,#@
901,1,0,#@
923,1,0,#@
942,1,0,#@
948,6,0,#@
951,1,0,#@
960,1,0,#@
964,1,0,#@
999,1,0,#@
1001,3,0,#@
1022,1,0,#@
1063,1,0,#@
1077,1,0,#@
1086,1,0,#@
1096,3,0,#@
1117,1,0,#@
1123,1,0,#@
1140,2,0,#@
1172,1,0,#@
1185,1,0,#@
1194,1,0,#@
1197,1,0,#@
1215,1,0,#@
1275,2,0,#@
1302,2,0,#@
1312,1,0,#@
1318,2,0,#@
1346,1,0,#@
1362,1,0,#@
1387,1,0,#@
1396,4,0,#@
1403,1,0,#@
1428,1,0,#@
1431,1,0,#@
1445,1,0,#@
1452,1,0,#@
1522,1,0,#@
1769,3,0,#@
kathryn
{257, 1287, 913, 1300, 791, 1303, 923, 1312, 34, 555, 1585, 1459, 53, 1462, 1337, 1595, 585, 1611, 83, 1628, 1509, 870, 231, 1901, 1779, 1528, 1913, 762, 1916}
34,1,0,#@
53,3,0,#@
83,1,0,#@
231,1,0,#@
257,1,0,#@
555,1,0,#@
585,1,0,#@
762,1,0,#@
791,3,0,#@
870,1,0,#@
913,1,0,#@
923,1,0,#@
1287,1,0,#@
1300,1,0,#@
1303,1,0,#@
1312,1,0,#@
1337,1,0,#@
1459,3,0,#@
1462,3,0,#@
1509,1,0,#@
1528,1,0,#@
1585,2,0,#@
1595,1,0,#@
1611,1,0,#@
1628,3,0,#@
1779,2,0,#@
1901,1,0,#@
1913,1,0,#@
1916,3,0,#@
kleist
{257, 642, 515, 643, 769, 1154, 1287, 1288, 1415, 269, 1167, 913, 658, 1041, 1300, 536, 923, 1312, 1441, 34, 169, 43, 942, 560, 693, 182, 1078, 184, 314, 698, 709, 454, 712, 585, 204, 984, 729, 1113, 1371, 864, 609, 98, 865, 231, 233, 106, 490, 622, 1390, 115, 249, 762}
34,1,0,#@
43,2,0,#@
98,1,0,#@
106,1,0,#@
115,1,0,#@
169,1,0,#@
182,1,0,#@
184,3,0,#@
204,3,0,#@
231,1,0,#@
233,1,0,#@
249,2,0,#@
257,1,0,#@
269,1,0,#@
314,1,0,#@
454,1,0,#@
490,6,0,#@
515,3,0,#@
536,1,0,#@
560,1,0,#@
585,1,0,#@
609,1,0,#@
622,1,0,#@
642,1,0,#@
643,1,0,#@
658,1,0,#@
693,1,0,#@
698,1,0,#@
709,1,0,#@
712,1,0,#@
729,1,0,#@
762,1,0,#@
769,1,0,#@
864,1,0,#@
865,1,0,#@
913,1,0,#@
923,1,0,#@
942,1,0,#@
984,3,0,#@
1041,1,0,#@
1078,1,0,#@
1113,1,0,#@
1154,1,0,#@
1167,1,0,#@
1287,1,0,#@
1288,1,0,#@
1300,1,0,#@
1312,1,0,#@
1371,2,0,#@
1390,1,0,#@
1415,6,0,#@
1441,1,0,#@
kindergarten
{35, 1661, 870, 551, 1062, 1417, 362, 1226, 972, 1298, 179, 595, 1780, 822, 1303, 1050, 221, 511}
35,1,0,#@
179,1,0,#@
221,1,0,#@
362,1,0,#@
511,1,0,#@
551,1,0,#@
595,1,0,#@
822,1,0,#@
870,1,0,#@
972,1,0,#@
1050,1,0,#@
1062,1,0,#@
1226,1,0,#@
1298,1,0,#@
1303,1,0,#@
1417,1,0,#@
1661,1,0,#@
1780,1,0,#@
katherin
{261, 1030, 647, 649, 906, 651, 779, 781, 1293, 1419, 528, 1428, 789, 1302, 663, 799, 544, 546, 36, 677, 1661, 40, 681, 1448, 44, 813, 430, 943, 1328, 1454, 1580, 179, 691, 1338, 1085, 574, 702, 1088, 1216, 194, 67, 1217, 1219, 1601, 584, 840, 1096, 203, 1098, 589, 1226, 463, 337, 721, 339, 852, 853, 1363, 88, 216, 987, 1375, 864, 225, 865, 1378, 616, 872, 748, 109, 1005, 1652, 1780, 1015, 1020, 1149}
36,1,0,#@
40,1,0,#@
44,1,0,#@
67,3,0,#@
88,3,0,#@
109,3,0,#@
179,3,0,#@
194,1,0,#@
203,2,0,#@
216,3,0,#@
225,1,0,#@
261,1,0,#@
337,3,0,#@
339,1,0,#@
430,1,0,#@
463,2,0,#@
528,3,0,#@
544,1,0,#@
546,3,0,#@
574,2,0,#@
584,1,0,#@
589,3,0,#@
616,1,0,#@
647,1,0,#@
649,1,0,#@
651,1,0,#@
663,2,0,#@
677,2,0,#@
681,3,0,#@
691,1,0,#@
702,1,0,#@
721,1,0,#@
748,1,0,#@
779,2,0,#@
781,1,0,#@
789,1,0,#@
799,2,0,#@
813,2,0,#@
840,1,0,#@
852,3,0,#@
853,2,0,#@
864,2,0,#@
865,2,0,#@
872,1,0,#@
906,2,0,#@
943,1,0,#@
987,1,0,#@
1005,2,0,#@
1015,2,0,#@
1020,1,0,#@
1030,1,0,#@
1085,1,0,#@
1088,1,0,#@
1096,1,0,#@
1098,1,0,#@
1149,2,0,#@
1216,1,0,#@
1217,1,0,#@
1219,1,0,#@
1226,3,0,#@
1293,1,0,#@
1302,1,0,#@
1328,2,0,#@
1338,2,0,#@
1363,3,0,#@
1375,2,0,#@
1378,2,0,#@
1419,1,0,#@
1428,2,0,#@
1448,3,0,#@
1454,1,0,#@
1580,1,0,#@
1601,1,0,#@
1652,1,0,#@
1661,3,0,#@
1780,3,0,#@
key
{1035, 37, 550, 1063, 1070, 1587, 56, 65, 1089, 1603, 589, 90, 604, 1635, 103, 1641, 109, 622, 626, 1650, 630, 1144, 1145, 1659, 642, 132, 1669, 1169, 1686, 1687, 152, 1688, 1689, 1180, 157, 672, 1698, 1709, 692, 1210, 1725, 191, 1731, 1735, 1737, 1746, 723, 1755, 1244, 745, 746, 1259, 236, 1773, 245, 1783, 252, 1283, 773, 1285, 1286, 265, 779, 1294, 272, 1811, 277, 1818, 799, 1826, 1829, 806, 1323, 1332, 821, 1844, 1846, 826, 1853, 329, 1865, 843, 1871, 851, 1875, 853, 1365, 350, 354, 1378, 1891, 869, 1892, 360, 371, 1398, 377, 1914, 1404, 893, 383, 394, 1423, 914, 1428, 1437, 926, 423, 938, 1962, 429, 1966, 433, 945, 1969, 948, 949, 950, 1460, 1980, 1981, 1473, 1988, 1483, 983, 1499, 480, 994, 483, 484, 487, 497, 1015, 506}
37,1,0,#@
56,1,0,#@
65,1,0,#@
90,1,0,#@
103,1,0,#@
109,1,0,#@
132,1,0,#@
152,1,0,#@
157,4,0,#@
191,1,0,#@
236,1,0,#@
245,1,0,#@
252,1,0,#@
265,1,0,#@
272,1,0,#@
277,1,0,#@
329,1,0,#@
350,1,0,#@
354,1,0,#@
360,2,0,#@
371,1,0,#@
377,1,0,#@
383,3,0,#@
394,1,0,#@
423,1,0,#@
429,1,0,#@
433,1,0,#@
480,1,0,#@
483,1,0,#@
484,3,0,#@
487,1,0,#@
497,1,0,#@
506,1,0,#@
550,1,0,#@
589,1,0,#@
604,1,0,#@
622,1,0,#@
626,1,0,#@
630,1,0,#@
642,1,0,#@
672,1,0,#@
692,1,0,#@
723,2,0,#@
745,1,0,#@
746,1,0,#@
773,1,0,#@
779,2,0,#@
799,1,0,#@
806,1,0,#@
821,1,0,#@
826,1,0,#@
843,1,0,#@
851,1,0,#@
853,1,0,#@
869,1,0,#@
893,1,0,#@
914,1,0,#@
926,1,0,#@
938,1,0,#@
945,1,0,#@
948,4,0,#@
949,1,0,#@
950,1,0,#@
983,1,0,#@
994,1,0,#@
1015,2,0,#@
1035,1,0,#@
1063,1,0,#@
1070,1,0,#@
1089,1,0,#@
1144,1,0,#@
1145,1,0,#@
1169,3,0,#@
1180,1,0,#@
1210,1,0,#@
1244,1,0,#@
1259,1,0,#@
1283,1,0,#@
1285,1,0,#@
1286,1,0,#@
1294,1,0,#@
1323,1,0,#@
1332,1,0,#@
1365,1,0,#@
1378,2,0,#@
1398,1,0,#@
1404,3,0,#@
1423,1,0,#@
1428,1,0,#@
1437,1,0,#@
1460,1,0,#@
1473,1,0,#@
1483,1,0,#@
1499,1,0,#@
1587,3,0,#@
1603,1,0,#@
1635,1,0,#@
1641,1,0,#@
1650,1,0,#@
1659,1,0,#@
1669,1,0,#@
1686,1,0,#@
1687,3,0,#@
1688,1,0,#@
1689,1,0,#@
1698,1,0,#@
1709,1,0,#@
1725,6,0,#@
1731,1,0,#@
1735,2,0,#@
1737,1,0,#@
1746,1,0,#@
1755,3,0,#@
1773,2,0,#@
1783,1,0,#@
1811,1,0,#@
1818,1,0,#@
1826,1,0,#@
1829,1,0,#@
1844,1,0,#@
1846,1,0,#@
1853,2,0,#@
1865,1,0,#@
1871,1,0,#@
1875,3,0,#@
1891,6,0,#@
1892,2,0,#@
1914,1,0,#@
1962,2,0,#@
1966,2,0,#@
1969,2,0,#@
1980,2,0,#@
1981,8,0,#@
1988,1,0,#@
kissel
{642, 1415, 490, 43, 622, 249, 1371}
43,2,0,#@
249,2,0,#@
490,1,0,#@
622,1,0,#@
642,1,0,#@
1371,2,0,#@
1415,1,0,#@
kunisaki
{50, 163}
50,1,0,#@
163,1,0,#@
kate
{1287, 968, 1337, 234, 555, 270, 1167, 913, 83, 1300, 53, 598, 791, 536, 1111, 1459, 1916, 351}
53,1,0,#@
83,1,0,#@
234,2,0,#@
270,2,0,#@
351,1,0,#@
536,1,0,#@
555,1,0,#@
598,1,0,#@
791,1,0,#@
913,2,0,#@
968,1,0,#@
1111,1,0,#@
1167,1,0,#@
1287,2,0,#@
1300,2,0,#@
1337,1,0,#@
1459,1,0,#@
1916,1,0,#@
king
{673, 1463, 1923, 836, 996, 73, 491, 1052, 399, 1807, 212, 1237, 55, 761, 155, 700}
55,2,0,#@
73,1,0,#@
155,3,0,#@
212,1,0,#@
399,1,0,#@
491,1,0,#@
673,2,0,#@
700,3,0,#@
761,1,0,#@
836,1,0,#@
996,2,0,#@
1052,1,0,#@
1237,1,0,#@
1463,1,0,#@
1807,3,0,#@
1923,2,0,#@
kyra
{56, 692, 836, 399}
56,3,0,#@
399,1,0,#@
692,3,0,#@
836,1,0,#@
korean
{512, 992, 1252, 543, 1036, 302, 1401, 59, 639}
59,1,0,#@
302,4,0,#@
512,4,0,#@
543,5,0,#@
639,1,0,#@
992,1,0,#@
1036,4,0,#@
1252,5,0,#@
1401,1,0,#@
kpcc
{737, 643, 701, 775, 426, 271, 658, 380, 61}
61,2,0,#@
271,3,0,#@
380,1,0,#@
426,2,0,#@
643,1,0,#@
658,1,0,#@
701,1,0,#@
737,3,0,#@
775,2,0,#@
ko
{544, 584, 62, 247}
62,1,0,#@
247,1,0,#@
544,1,0,#@
584,1,0,#@
kick
{65, 1089, 1028, 583, 807, 1192, 1002, 1287, 1132, 1228, 497, 913, 914, 1300, 824, 377, 90, 159}
65,1,0,#@
90,1,0,#@
159,1,0,#@
377,1,0,#@
497,1,0,#@
583,1,0,#@
807,1,0,#@
824,1,0,#@
913,1,0,#@
914,1,0,#@
1002,1,0,#@
1028,2,0,#@
1089,1,0,#@
1132,1,0,#@
1192,1,0,#@
1228,2,0,#@
1287,1,0,#@
1300,1,0,#@
kept
{394, 1165, 1041, 1683, 660, 916, 1944, 1433, 157, 563, 948, 1078, 825, 187, 828, 189, 1211, 1853, 1089, 66, 452, 72, 1745, 1630, 489, 1001, 496, 497, 1138, 506}
66,1,0,#@
72,2,0,#@
157,1,0,#@
187,1,0,#@
189,1,0,#@
394,1,0,#@
452,1,0,#@
489,1,0,#@
496,1,0,#@
497,1,0,#@
506,1,0,#@
563,1,0,#@
660,1,0,#@
825,1,0,#@
828,1,0,#@
916,1,0,#@
948,1,0,#@
1001,1,0,#@
1041,1,0,#@
1078,1,0,#@
1089,1,0,#@
1138,2,0,#@
1165,1,0,#@
1211,1,0,#@
1433,1,0,#@
1630,1,0,#@
1683,1,0,#@
1745,1,0,#@
1853,1,0,#@
1944,1,0,#@
kpb
{866, 131, 68, 453, 1218, 1159, 1346, 1197, 1172}
68,1,0,#@
131,3,0,#@
453,1,0,#@
866,3,0,#@
1159,1,0,#@
1172,2,0,#@
1197,2,0,#@
1218,1,0,#@
1346,2,0,#@
kqed
{1346, 71, 1197, 79, 1042, 1172, 1306, 1086, 1215}
71,3,0,#@
79,1,0,#@
1042,1,0,#@
1086,1,0,#@
1172,2,0,#@
1197,2,0,#@
1215,1,0,#@
1306,3,0,#@
1346,2,0,#@
kelli
{448, 517, 1382, 1415, 489, 490, 75, 1421, 1198, 336, 689, 1745, 467, 660, 1683, 886, 249, 1146}
75,1,0,#@
249,1,0,#@
336,1,0,#@
448,1,0,#@
467,1,0,#@
489,1,0,#@
490,1,0,#@
517,1,0,#@
660,1,0,#@
689,1,0,#@
886,1,0,#@
1146,2,0,#@
1198,1,0,#@
1382,2,0,#@
1415,1,0,#@
1421,1,0,#@
1683,1,0,#@
1745,1,0,#@
kusumakaulika
{1220, 389, 142, 81, 307, 1341, 1021, 1246}
81,3,0,#@
142,1,0,#@
307,1,0,#@
389,1,0,#@
1021,1,0,#@
1220,3,0,#@
1246,1,0,#@
1341,1,0,#@
kimbal
{96, 92}
92,1,0,#@
96,1,0,#@
kathleen
{1378, 483, 1669, 1829, 779, 843, 621, 1294, 1015, 926, 95}
95,1,0,#@
483,2,0,#@
621,1,0,#@
779,2,0,#@
843,2,0,#@
926,1,0,#@
1015,2,0,#@
1294,1,0,#@
1378,2,0,#@
1669,1,0,#@
1829,1,0,#@
krueger
{1746, 1818, 1332, 103}
103,5,0,#@
1332,5,0,#@
1746,5,0,#@
1818,5,0,#@
kavita
{1312, 356, 297, 110, 923, 156}
110,1,0,#@
156,1,0,#@
297,1,0,#@
356,1,0,#@
923,1,0,#@
1312,1,0,#@
koniecpol
{297, 110}
110,1,0,#@
297,1,0,#@
kosak
{460, 117}
117,1,0,#@
460,1,0,#@
kyle
{1312, 923, 460, 117}
117,1,0,#@
460,1,0,#@
923,1,0,#@
1312,1,0,#@
kissler
{460, 117}
117,1,0,#@
460,1,0,#@
kevin
{512, 1537, 519, 520, 526, 1936, 409, 923, 1312, 162, 1573, 1713, 436, 1460, 1347, 1481, 460, 1356, 1112, 1766, 1519, 242, 1908, 117, 1783}
117,1,0,#@
162,1,0,#@
242,1,0,#@
409,2,0,#@
436,1,0,#@
460,1,0,#@
512,1,0,#@
519,1,0,#@
520,2,0,#@
526,1,0,#@
923,1,0,#@
1112,2,0,#@
1312,1,0,#@
1347,2,0,#@
1356,1,0,#@
1460,3,0,#@
1481,1,0,#@
1519,1,0,#@
1537,1,0,#@
1573,2,0,#@
1713,1,0,#@
1766,1,0,#@
1783,1,0,#@
1908,1,0,#@
1936,3,0,#@
kou
{664, 132, 1318, 604}
132,1,0,#@
604,1,0,#@
664,2,0,#@
1318,2,0,#@
klein
{352, 1381, 870, 871, 680, 137, 1195, 1532, 656, 273, 1136, 1298, 1143, 1017, 1050, 1303, 511}
137,1,0,#@
273,1,0,#@
352,1,0,#@
511,1,0,#@
656,1,0,#@
680,1,0,#@
870,2,0,#@
871,4,0,#@
1017,4,0,#@
1050,1,0,#@
1136,4,0,#@
1143,5,0,#@
1195,1,0,#@
1298,2,0,#@
1303,2,0,#@
1381,5,0,#@
1532,1,0,#@
kyla
{389, 142, 630, 951, 1398, 667, 1021, 1246}
142,1,0,#@
389,1,0,#@
630,1,0,#@
667,3,0,#@
951,3,0,#@
1021,1,0,#@
1246,1,0,#@
1398,1,0,#@
koreatown
{389, 142}
142,1,0,#@
389,1,0,#@
knowhow
{144, 1407}
144,1,0,#@
1407,1,0,#@
kellogg
{948, 157}
157,1,0,#@
948,1,0,#@
kientz
{948, 157}
157,1,0,#@
948,1,0,#@
klopfer
{948, 157}
157,1,0,#@
948,1,0,#@
kendal
{948, 157}
157,1,0,#@
948,1,0,#@
kalliniko
{948, 157}
157,1,0,#@
948,1,0,#@
kidpix
{948, 157}
157,1,0,#@
948,1,0,#@
keitai
{948, 157}
157,5,0,#@
948,5,0,#@
knit
{346, 948, 157, 599}
157,1,0,#@
346,1,0,#@
599,1,0,#@
948,1,0,#@
karel
{948, 157}
157,1,0,#@
948,1,0,#@
klowden
{162, 1356}
162,3,0,#@
1356,3,0,#@
kaydor
{236, 191}
191,5,0,#@
236,5,0,#@
krishna
{361, 1921, 1523, 197}
197,6,0,#@
361,6,0,#@
1523,6,0,#@
1921,6,0,#@
kew
{261, 1096, 1769, 906, 203, 1428, 1717}
203,2,0,#@
261,3,0,#@
906,2,0,#@
1096,3,0,#@
1428,2,0,#@
1717,2,0,#@
1769,3,0,#@
kurio
{882, 206}
206,1,0,#@
882,1,0,#@
kirloskar
{353, 207}
207,1,0,#@
353,1,0,#@
krejcik
{353, 207}
207,1,0,#@
353,1,0,#@
kitti
{353, 207}
207,1,0,#@
353,1,0,#@
kannon
{353, 207}
207,1,0,#@
353,1,0,#@
keyboard
{387, 1028, 1169, 1687, 1052, 307, 1587, 1461, 1341, 1473, 1480, 842, 1228, 1485, 1234, 212, 1755, 224, 1528, 1404}
212,1,0,#@
224,1,0,#@
307,1,0,#@
387,1,0,#@
842,2,0,#@
1028,1,0,#@
1052,1,0,#@
1169,2,0,#@
1228,1,0,#@
1234,2,0,#@
1341,1,0,#@
1404,2,0,#@
1461,1,0,#@
1473,3,0,#@
1480,1,0,#@
1485,1,0,#@
1528,1,0,#@
1587,8,0,#@
1687,2,0,#@
1755,2,0,#@
kickstart
{224, 1234, 842, 387}
224,5,0,#@
387,5,0,#@
842,1,0,#@
1234,1,0,#@
kha
{225, 649}
225,1,0,#@
649,1,0,#@
kinder
{225, 649}
225,1,0,#@
649,1,0,#@
kindl
{1261, 240, 1136, 958, 479}
240,1,0,#@
479,1,0,#@
958,1,0,#@
1136,1,0,#@
1261,1,0,#@
kernel
{705, 322, 740, 932, 550, 423, 1541, 1610, 909, 1458, 371, 308, 851, 1686, 249, 1693}
249,2,0,#@
308,1,0,#@
322,2,0,#@
371,1,0,#@
423,1,0,#@
550,1,0,#@
705,3,0,#@
740,1,0,#@
851,1,0,#@
909,2,0,#@
932,3,0,#@
1458,2,0,#@
1541,2,0,#@
1610,1,0,#@
1686,1,0,#@
1693,4,0,#@
ksquir
{1312, 1185, 250, 923}
250,1,0,#@
923,1,0,#@
1185,1,0,#@
1312,1,0,#@
kavli
{1415, 490, 1027, 255}
255,1,0,#@
490,1,0,#@
1027,1,0,#@
1415,1,0,#@
kafai
{256, 741, 1232, 312, 892}
256,1,0,#@
312,1,0,#@
741,1,0,#@
892,3,0,#@
1232,1,0,#@
knijnenburg
{257, 450, 482, 870, 1414, 464, 690, 597, 1303, 607}
257,1,0,#@
450,1,0,#@
464,4,0,#@
482,4,0,#@
597,1,0,#@
607,4,0,#@
690,4,0,#@
870,1,0,#@
1303,1,0,#@
1414,4,0,#@
kristen
{836, 261, 1096, 1769, 399, 1491}
261,1,0,#@
399,1,0,#@
836,1,0,#@
1096,1,0,#@
1491,1,0,#@
1769,1,0,#@
khuu
{1096, 1769, 261}
261,1,0,#@
1096,1,0,#@
1769,1,0,#@
kill
{1441, 419, 264, 1738, 396, 816, 404, 468, 314, 733}
264,1,0,#@
314,1,0,#@
396,1,0,#@
404,1,0,#@
419,2,0,#@
468,1,0,#@
733,1,0,#@
816,2,0,#@
1441,1,0,#@
1738,1,0,#@
kadandal
{1256, 521, 592, 1328, 275}
275,1,0,#@
521,1,0,#@
592,1,0,#@
1256,1,0,#@
1328,1,0,#@
klefstad
{1923, 1670, 1798, 1927, 1683, 660, 1556, 279, 1689, 287, 1823, 291, 1701, 1456, 1714, 1866, 844, 1745, 1241, 1753, 1882, 1756, 489, 495, 1522}
279,2,0,#@
287,3,0,#@
291,3,0,#@
489,1,0,#@
495,2,0,#@
660,1,0,#@
844,2,0,#@
1241,2,0,#@
1456,1,0,#@
1522,3,0,#@
1556,1,0,#@
1670,1,0,#@
1683,1,0,#@
1689,1,0,#@
1701,2,0,#@
1714,2,0,#@
1745,1,0,#@
1753,2,0,#@
1756,6,0,#@
1798,1,0,#@
1823,6,0,#@
1866,1,0,#@
1882,12,0,#@
1923,3,0,#@
1927,2,0,#@
kraatz
{1105, 283}
283,3,0,#@
1105,3,0,#@
kerri
{317, 542}
317,1,0,#@
542,1,0,#@
kaj
{320, 1312, 968, 620, 556, 973, 1166, 598, 1080, 923}
320,1,0,#@
556,1,0,#@
598,1,0,#@
620,3,0,#@
923,1,0,#@
968,1,0,#@
973,3,0,#@
1080,1,0,#@
1166,1,0,#@
1312,1,0,#@
kultima
{1009, 327}
327,1,0,#@
1009,1,0,#@
kit
{355, 1156, 677, 422, 1317, 663, 1200, 1875, 501, 599, 696, 1273, 346, 764, 1022}
346,2,0,#@
355,5,0,#@
422,1,0,#@
501,1,0,#@
599,2,0,#@
663,1,0,#@
677,1,0,#@
696,1,0,#@
764,1,0,#@
1022,1,0,#@
1156,5,0,#@
1200,1,0,#@
1273,1,0,#@
1317,1,0,#@
1875,1,0,#@
kpeppler
{1312, 346, 923, 599}
346,1,0,#@
599,1,0,#@
923,1,0,#@
1312,1,0,#@
karthik
{704, 1954, 835, 710, 358, 1872, 1937, 1402, 1438}
358,1,0,#@
704,1,0,#@
710,1,0,#@
835,1,0,#@
1402,1,0,#@
1438,1,0,#@
1872,1,0,#@
1937,1,0,#@
1954,1,0,#@
keyword
{1795, 423, 1866, 371, 1590}
371,1,0,#@
423,1,0,#@
1590,1,0,#@
1795,1,0,#@
1866,1,0,#@
kafer
{484, 383}
383,1,0,#@
484,1,0,#@
kiczal
{518, 394, 563, 506, 924}
394,1,0,#@
506,1,0,#@
518,1,0,#@
563,1,0,#@
924,1,0,#@
katelyn
{836, 399}
399,1,0,#@
836,1,0,#@
kimberli
{836, 399}
399,2,0,#@
836,2,0,#@
kenneth
{836, 1855, 399}
399,1,0,#@
836,1,0,#@
1855,1,0,#@
kaitlyn
{836, 399}
399,1,0,#@
836,1,0,#@
kiana
{836, 399}
399,1,0,#@
836,1,0,#@
khuong
{836, 399}
399,1,0,#@
836,1,0,#@
kenni
{836, 399}
399,1,0,#@
836,1,0,#@
khain
{836, 399}
399,1,0,#@
836,1,0,#@
kausen
{836, 399}
399,2,0,#@
836,2,0,#@
khan
{1029, 1865, 561, 402, 1688, 1689, 443, 1308}
402,2,0,#@
443,2,0,#@
561,2,0,#@
1029,2,0,#@
1308,2,0,#@
1688,2,0,#@
1689,1,0,#@
1865,2,0,#@
k5
{682, 431}
431,1,0,#@
682,1,0,#@
kbd6mtc4yt
{905, 439}
439,1,0,#@
905,1,0,#@
ke
{1312, 452, 965, 1382, 1165, 1936, 1460, 1908, 918, 1783, 1146, 923}
452,1,0,#@
918,1,0,#@
923,1,0,#@
965,1,0,#@
1146,1,0,#@
1165,1,0,#@
1312,1,0,#@
1382,1,0,#@
1460,2,0,#@
1783,1,0,#@
1908,1,0,#@
1936,3,0,#@
ketchup
{1089, 497}
497,1,0,#@
1089,1,0,#@
knack
{1060, 1254, 524, 504, 1179}
504,1,0,#@
524,1,0,#@
1060,1,0,#@
1179,1,0,#@
1254,1,0,#@
kidscreen
{1050, 511}
511,1,0,#@
1050,1,0,#@
kinect
{536, 1167, 600, 1055}
536,1,0,#@
600,1,0,#@
1055,1,0,#@
1167,1,0,#@
korea
{1057, 549, 1706, 1259, 1965, 1489, 826, 1851, 1981}
549,1,0,#@
826,1,0,#@
1057,1,0,#@
1259,1,0,#@
1489,1,0,#@
1706,1,0,#@
1851,1,0,#@
1965,1,0,#@
1981,1,0,#@
kaist
{1057, 549}
549,1,0,#@
1057,1,0,#@
kyoung
{1057, 549}
549,1,0,#@
1057,1,0,#@
kudo
{851, 550}
550,2,0,#@
851,2,0,#@
kennedi
{851, 1940, 1853, 550}
550,1,0,#@
851,1,0,#@
1853,1,0,#@
1940,1,0,#@
ksalen
{568, 1312, 923, 1396}
568,1,0,#@
923,1,0,#@
1312,1,0,#@
1396,1,0,#@
kingsley
{1123, 1449, 618, 854, 695}
618,1,0,#@
695,1,0,#@
854,1,0,#@
1123,1,0,#@
1449,1,0,#@
keen
{642, 659, 788, 622}
622,1,0,#@
642,1,0,#@
659,1,0,#@
788,1,0,#@
keeley
{632, 716}
632,1,0,#@
716,1,0,#@
kelti
{632, 716}
632,1,0,#@
716,1,0,#@
krippendorff
{632, 716}
632,1,0,#@
716,1,0,#@
klau
{632, 716}
632,1,0,#@
716,1,0,#@
kinesiolog
{1370, 687}
687,1,0,#@
1370,1,0,#@
kluw
{992, 1401, 1370, 687}
687,1,0,#@
992,1,0,#@
1370,1,0,#@
1401,1,0,#@
kinsey
{721, 1454}
721,1,0,#@
1454,1,0,#@
koster
{960, 751}
751,7,0,#@
960,7,0,#@
kingdom
{1480, 1385, 1142, 760, 1176}
760,2,0,#@
1142,2,0,#@
1176,1,0,#@
1385,1,0,#@
1480,1,0,#@
kindr
{784, 819}
784,1,0,#@
819,1,0,#@
krita
{784, 819}
784,1,0,#@
819,1,0,#@
kong
{1537, 1891, 1797, 1481, 1259, 1808, 1713, 1620, 826, 1725}
826,1,0,#@
1259,1,0,#@
1481,1,0,#@
1537,1,0,#@
1620,2,0,#@
1713,1,0,#@
1725,4,0,#@
1797,1,0,#@
1808,2,0,#@
1891,4,0,#@
kickoff
{1234, 842}
842,1,0,#@
1234,1,0,#@
khabagnot
{1234, 842}
842,1,0,#@
1234,1,0,#@
koala
{1234, 842}
842,1,0,#@
1234,1,0,#@
kinet
{1383, 842, 1741, 1234, 1528}
842,1,0,#@
1234,1,0,#@
1383,1,0,#@
1528,1,0,#@
1741,1,0,#@
kansa
{1011, 919}
919,1,0,#@
1011,1,0,#@
kh
{1312, 923}
923,2,0,#@
1312,2,0,#@
krapp
{1312, 923}
923,2,0,#@
1312,2,0,#@
kphilip
{1312, 923}
923,1,0,#@
1312,1,0,#@
kherman
{1312, 923}
923,1,0,#@
1312,1,0,#@
ktanenba
{1312, 923}
923,1,0,#@
1312,1,0,#@
kbbrewst
{1312, 923}
923,1,0,#@
1312,1,0,#@
kcanav
{1312, 923}
923,1,0,#@
1312,1,0,#@
kychua
{1312, 923}
923,1,0,#@
1312,1,0,#@
kdreef
{1312, 923}
923,1,0,#@
1312,1,0,#@
krithika
{1312, 923}
923,1,0,#@
1312,1,0,#@
kjaganna
{1312, 923}
923,1,0,#@
1312,1,0,#@
kjing1
{1312, 923}
923,1,0,#@
1312,1,0,#@
kanad
{1312, 923}
923,1,0,#@
1312,1,0,#@
khasgiwala
{1312, 923}
923,1,0,#@
1312,1,0,#@
kuta
{1312, 923}
923,1,0,#@
1312,1,0,#@
kleid
{1202, 946}
946,1,0,#@
1202,1,0,#@
kenzo
{1202, 946, 1382, 1146}
946,1,0,#@
1146,1,0,#@
1202,1,0,#@
1382,1,0,#@
khauv
{1202, 946}
946,1,0,#@
1202,1,0,#@
kelvin
{1202, 946, 1382, 1146}
946,1,0,#@
1146,1,0,#@
1202,1,0,#@
1382,1,0,#@
katrina
{1202, 946}
946,1,0,#@
1202,1,0,#@
kirschenbaum
{1094}
1094,1,0,#@
karaok
{1383}
1383,2,0,#@
knob
{1383}
1383,1,0,#@
kolm
{1458, 1699, 1541}
1458,2,0,#@
1541,2,0,#@
1699,1,0,#@
koji
{1458, 1541}
1458,1,0,#@
1541,1,0,#@
kobayashi
{1458, 1541}
1458,1,0,#@
1541,1,0,#@
kurdahi
{1936, 1747, 1908, 1460, 1494, 1883}
1460,2,0,#@
1494,1,0,#@
1747,1,0,#@
1883,1,0,#@
1908,3,0,#@
1936,1,0,#@
keystrok
{1473, 1751, 1485, 1741, 1461, 1495, 1528}
1461,2,0,#@
1473,1,0,#@
1485,2,0,#@
1495,1,0,#@
1528,1,0,#@
1741,1,0,#@
1751,1,0,#@
kaashoek
{1472, 1671, 1801, 1674, 1579, 1776, 1553, 1881, 1691, 1885, 1694}
1472,1,0,#@
1553,1,0,#@
1579,1,0,#@
1671,1,0,#@
1674,2,0,#@
1691,1,0,#@
1694,3,0,#@
1776,2,0,#@
1801,1,0,#@
1881,3,0,#@
1885,1,0,#@
kaczmarek
{1473, 1537, 1481, 1513, 1713, 1587}
1473,3,0,#@
1481,1,0,#@
1513,2,0,#@
1537,1,0,#@
1587,2,0,#@
1713,1,0,#@
kolkata
{1473, 1910}
1473,1,0,#@
1910,1,0,#@
kia
{1773, 1490, 1477, 1894}
1477,1,0,#@
1490,1,0,#@
1773,2,0,#@
1894,3,0,#@
krichmar
{1934, 1478, 1791}
1478,1,0,#@
1791,1,0,#@
1934,1,0,#@
kernan
{1480, 1530, 1551}
1480,3,0,#@
1530,1,0,#@
1551,1,0,#@
kocher
{1606, 1575, 1702, 1926, 1804, 1518, 1486, 1557, 1493, 1563}
1486,1,0,#@
1493,1,0,#@
1518,1,0,#@
1557,2,0,#@
1563,1,0,#@
1575,3,0,#@
1606,2,0,#@
1702,1,0,#@
1804,3,0,#@
1926,1,0,#@
krongapirade
{1751, 1495}
1495,1,0,#@
1751,1,0,#@
khosravi
{1751, 1495}
1495,1,0,#@
1751,1,0,#@
kyc
{1499}
1499,1,0,#@
kan
{1503}
1503,1,0,#@
ken
{1505, 1503}
1503,1,0,#@
1505,1,0,#@
kirchmay
{1503}
1503,1,0,#@
kausthub
{1506, 1950, 1654}
1506,2,0,#@
1654,1,0,#@
1950,2,0,#@
keshav
{1760, 1509, 1611, 1520, 1779, 1719, 1913, 1595, 1854}
1509,1,0,#@
1520,3,0,#@
1595,1,0,#@
1611,1,0,#@
1719,3,0,#@
1760,2,0,#@
1779,2,0,#@
1854,1,0,#@
1913,1,0,#@
khanh
{1605, 1670, 1512, 1965, 1556, 1817}
1512,1,0,#@
1556,1,0,#@
1605,2,0,#@
1670,1,0,#@
1817,1,0,#@
1965,1,0,#@
kri
{1519}
1519,1,0,#@
kruthika
{1519}
1519,1,0,#@
karn
{1648, 1521}
1521,1,0,#@
1648,1,0,#@
khczuu
{1538, 1525, 1630}
1525,3,0,#@
1538,3,0,#@
1630,1,0,#@
karl
{1939, 1900, 1543}
1543,1,0,#@
1900,1,0,#@
1939,1,0,#@
karlstrom
{1939, 1900, 1543}
1543,1,0,#@
1900,1,0,#@
1939,1,0,#@
knuth
{1900, 1939, 1788, 1543}
1543,1,0,#@
1788,1,0,#@
1900,1,0,#@
1939,1,0,#@
kharagpur
{1928, 1551}
1551,1,0,#@
1928,1,0,#@
kaufmann
{1562, 1822}
1562,1,0,#@
1822,1,0,#@
kalyanam
{1577, 1753}
1577,1,0,#@
1753,1,0,#@
koosha
{1601, 1580}
1580,1,0,#@
1601,1,0,#@
kawabata
{1590}
1590,1,0,#@
klefstadmarco
{1610}
1610,1,0,#@
klefstadmario
{1610}
1610,1,0,#@
klefstadtalex
{1610}
1610,1,0,#@
kriebel
{1761, 1621, 1614}
1614,4,0,#@
1621,21,0,#@
1761,21,0,#@
kniffin
{1618, 1887}
1618,1,0,#@
1887,1,0,#@
kunsthau
{1808, 1891, 1620, 1725}
1620,1,0,#@
1725,4,0,#@
1808,1,0,#@
1891,4,0,#@
krishnamachari
{1648, 1689, 1766}
1648,1,0,#@
1689,2,0,#@
1766,3,0,#@
kavanaugh
{1650}
1650,1,0,#@
knox
{1829, 1669}
1669,3,0,#@
1829,3,0,#@
kraemer
{1688, 1865}
1688,1,0,#@
1865,1,0,#@
kwame
{1689}
1689,2,0,#@
kibler
{1714}
1714,2,0,#@
kidney
{1938, 1723}
1723,3,0,#@
1938,3,0,#@
krook
{1891, 1725}
1725,1,0,#@
1891,1,0,#@
kerckhoven
{1891, 1725}
1725,1,0,#@
1891,1,0,#@
kowalewskaya
{1891, 1725}
1725,1,0,#@
1891,1,0,#@
kleeour
{1891, 1725}
1725,1,0,#@
1891,1,0,#@
klee
{1891, 1725}
1725,1,0,#@
1891,1,0,#@
kokoschka
{1891, 1725}
1725,4,0,#@
1891,4,0,#@
kunsthistorisch
{1891, 1725}
1725,1,0,#@
1891,1,0,#@
kunsthal
{1891, 1725}
1725,1,0,#@
1891,1,0,#@
kadirova
{1891, 1725}
1725,1,0,#@
1891,1,0,#@
knock
{1891, 1725}
1725,1,0,#@
1891,1,0,#@
kwon
{1891, 1725}
1725,1,0,#@
1891,1,0,#@
kassel
{1891, 1725}
1725,1,0,#@
1891,1,0,#@
kunstverein
{1891, 1725}
1725,1,0,#@
1891,1,0,#@
kunstmuseum
{1891, 1725}
1725,1,0,#@
1891,1,0,#@
kunst
{1891, 1725}
1725,1,0,#@
1891,1,0,#@
kathmandu
{1891, 1725}
1725,1,0,#@
1891,1,0,#@
khuller
{1735}
1735,4,0,#@
karp
{1735}
1735,2,0,#@
king'
{1788}
1788,1,0,#@
kashyap
{1934, 1791}
1791,1,0,#@
1934,1,0,#@
kd
{1895}
1895,1,0,#@
kite
{1943}
1943,1,0,#@
kaushik
{1962, 1963, 1964, 1965, 1966, 1967, 1969, 1970, 1974, 1975, 1980, 1982}
1962,11,0,#@
1963,3,0,#@
1964,1,0,#@
1965,1,0,#@
1966,11,0,#@
1967,2,0,#@
1969,11,0,#@
1970,2,0,#@
1974,2,0,#@
1975,1,0,#@
1980,11,0,#@
1982,1,0,#@
kriengkrai
{1987, 1962, 1966, 1969, 1978, 1980}
1962,4,0,#@
1966,4,0,#@
1969,4,0,#@
1978,2,0,#@
1980,4,0,#@
1987,2,0,#@
kdb
{1969, 1962, 1980, 1966}
1962,1,0,#@
1966,1,0,#@
1969,1,0,#@
1980,1,0,#@
kannan
{1988, 1962, 1966, 1969, 1980}
1962,1,0,#@
1966,1,0,#@
1969,1,0,#@
1980,1,0,#@
1988,1,0,#@
kaushikc
{1963}
1963,1,0,#@
kepler
{1965}
1965,1,0,#@
krdb
{1967}
1967,1,0,#@
kilomet
{1968}
1968,2,0,#@
kddnugget
{1977}
1977,1,0,#@
koushik
{1978, 1987}
1978,3,0,#@
1987,3,0,#@
kalashnikov
{1978, 1987}
1978,1,0,#@
1987,1,0,#@
kmed
{1984}
1984,1,0,#@
korth
{1984}
1984,1,0,#@
khare
{1984}
1984,1,0,#@
kdd
{1986}
1986,1,0,#@
