of
{0, 1, 2, 3}
0||0.0||[5, 11, 27, 33, 49, 55]||#@
1||0.0||[343, 354, 363, 368, 377, 420, 434, 495, 560, 634, 639, 651, 672, 724, 736, 813, 820, 845, 896, 901, 925]||#@
2||0.0||[8, 11, 58, 61, 75, 98, 110, 161, 175, 177, 180, 187, 214, 224, 249, 265, 278, 343, 430, 450, 472, 572, 581, 607, 626, 646, 656, 667, 674]||#@
3||0.0||[100, 133, 147, 150, 167, 180, 184, 195, 241, 258, 274, 283, 295]||#@
origin
{0}
0||0.6020599913279623||[37]||#@
on
{1, 2, 3}
1||0.23052421803783163||[69, 298, 460, 698, 854, 912, 956]||#@
2||0.22215997072140117||[155, 221, 303, 375, 401, 499]||#@
3||0.1625490439477597||[193, 235]||#@
orang
{1}
1||0.7832981079068754||[178, 187]||#@
or
{1}
1||0.7832981079068754||[190, 701]||#@
oc
{1}
1||0.6020599913279623||[240]||#@
opportun
{1}
1||0.6020599913279623||[261]||#@
oscil
{1}
1||0.6020599913279623||[447]||#@
open
{1}
1||0.7832981079068754||[605, 665]||#@
opencv
{1}
1||0.6020599913279623||[652]||#@
optim
{1}
1||0.6020599913279623||[746]||#@
offer
{1}
1||0.6020599913279623||[781]||#@
our
{2}
2||1.0705537263857816||[215, 300, 326, 347, 598, 654]||#@
onli
{2, 3}
2||0.30102999566398114||[338]||#@
3||0.30102999566398114||[95]||#@
overal
{2}
2||0.6020599913279623||[443]||#@
oppos
{2}
2||0.6020599913279623||[616]||#@
octob
{2}
2||0.9645362244857884||[691, 707, 717, 734]||#@
other
{2}
2||0.6020599913279623||[720]||#@
output
{3}
3||0.9645362244857884||[73, 102, 152, 186]||#@
one
{3}
3||0.6020599913279623||[93]||#@
order
{3}
3||0.6020599913279623||[175]||#@
