queri
{0, 4, 5, 510, 7, 391, 9, 10, 11, 393, 13, 524, 15, 527, 17, 19, 20, 24, 25, 26, 1820, 1952, 54, 79, 720, 1364, 217, 474, 227, 229, 486, 1131, 1139, 254}
0||4.263248851621194||[56, 76, 80, 82, 104, 136, 471, 475, 477, 483, 490, 514, 533, 538, 564, 566, 609, 615, 621, 628, 635, 642, 649, 657, 665, 673, 681, 689, 697, 705, 713, 721, 775, 792, 796, 800, 817, 828, 844, 963, 1057, 1691, 1692, 1694, 1715, 1728, 1735, 1746, 1748, 1764, 1815, 1827, 1841, 1895, 1897, 1900, 1919, 1922, 1926, 1942, 1961, 1967, 1989, 1997, 2011, 2028, 2061, 2077, 2126, 2132, 2345, 2357, 2426, 2446, 2452, 2456, 2467, 2484, 2690, 2768]||#@
4||1.4685210829577449||[24]||#@
5||2.7095653718849486||[202, 315, 330, 474, 551, 600, 629]||#@
7||3.053321495111291||[348, 357, 423, 446, 460, 682, 778, 794, 925, 1283, 1325, 1389]||#@
9||3.053321495111291||[78, 85, 102, 137, 365, 379, 397, 405, 432, 448, 455, 462]||#@
10||1.4685210829577449||[80]||#@
11||4.472120998763887||[210, 219, 243, 292, 296, 319, 334, 336, 339, 343, 347, 368, 375, 378, 382, 386, 390, 396, 402, 415, 484, 501, 502, 503, 504, 505, 506, 507, 508, 509, 510, 511, 512, 514, 516, 518, 520, 522, 524, 526, 528, 530, 532, 534, 536, 538, 540, 542, 544, 546, 548, 552, 557, 668, 674, 679, 685, 689, 736, 741, 747, 764, 797, 810, 838, 856, 888, 908, 916, 1057, 1064, 1067, 1071, 1075, 1079, 1104, 1121, 1122, 1123, 1124, 1125, 1126, 1127, 1128, 1129, 1130, 1131, 1132, 1134, 1136, 1138, 1140, 1142, 1144, 1146, 1148, 1150, 1152, 1154, 1156, 1158, 1160, 1162, 1164, 1166, 1168, 1172, 1177, 1286, 1380, 1407]||#@
13||1.4685210829577449||[326]||#@
15||2.7095653718849486||[202, 315, 330, 474, 551, 600, 629]||#@
17||2.1691837046408216||[90, 118, 122]||#@
19||2.1691837046408216||[31, 141, 225]||#@
20||3.346397705865109||[457, 556, 572, 583, 593, 628, 632, 647, 652, 664, 669, 704, 707, 720, 732, 741, 971, 1011, 1056]||#@
24||3.053321495111291||[373, 382, 448, 471, 485, 707, 805, 821, 952, 1310, 1352, 1416]||#@
25||3.053321495111291||[373, 382, 448, 471, 485, 707, 805, 821, 952, 1310, 1352, 1416]||#@
26||3.053321495111291||[373, 382, 448, 471, 485, 707, 805, 821, 952, 1310, 1352, 1416]||#@
54||1.4685210829577449||[142]||#@
79||1.4685210829577449||[190]||#@
217||1.4685210829577449||[105]||#@
227||2.1691837046408216||[173, 258, 298]||#@
229||1.4685210829577449||[252]||#@
254||2.1691837046408216||[243, 254, 258]||#@
391||1.4685210829577449||[125]||#@
393||2.1691837046408216||[173, 258, 298]||#@
474||1.4685210829577449||[806]||#@
486||2.3526588734282146||[180, 279, 284, 327]||#@
510||1.4685210829577449||[101]||#@
524||2.1691837046408216||[243, 254, 258]||#@
527||1.9105899781929798||[386, 399]||#@
720||1.4685210829577449||[1171]||#@
1131||1.4685210829577449||[637]||#@
1139||1.4685210829577449||[637]||#@
1364||1.4685210829577449||[1171]||#@
1820||1.4685210829577449||[941]||#@
1952||1.4685210829577449||[941]||#@
querypoint
{0}
0||3.9030899869919433||[1979, 2037]||#@
queue
{0, 203}
0||4.58546907996955||[2418, 2429, 2432, 2436, 2443]||#@
203||3.986705959255552||[203, 294, 311]||#@
qref
{0}
0||2.9999999999999996||[2757]||#@
question
{1, 2, 3, 4, 1028, 6, 7, 1542, 9, 10, 523, 12, 13, 14, 1034, 16, 17, 1038, 19, 20, 21, 22, 23, 24, 25, 26, 1045, 1051, 1563, 30, 543, 1566, 1568, 546, 550, 553, 554, 555, 559, 48, 561, 1584, 563, 564, 1585, 1586, 1589, 56, 569, 1595, 1085, 1529, 581, 1605, 583, 72, 1095, 593, 595, 596, 1621, 1110, 1623, 1113, 1115, 1116, 1119, 97, 609, 1127, 1129, 1132, 1645, 112, 1136, 1651, 116, 118, 631, 632, 1144, 1145, 1655, 1150, 1153, 1667, 1159, 138, 650, 1166, 1678, 656, 1169, 659, 1171, 155, 1693, 160, 162, 1186, 676, 1698, 169, 1193, 1714, 693, 694, 1720, 1722, 187, 1213, 1218, 195, 1730, 711, 1224, 1736, 205, 1744, 209, 1746, 730, 219, 731, 1759, 1249, 738, 228, 1255, 232, 233, 1258, 1770, 236, 1773, 238, 750, 1774, 1775, 242, 1777, 244, 759, 252, 256, 1280, 1282, 1792, 1793, 1288, 1801, 778, 271, 272, 783, 1297, 1300, 277, 1303, 1815, 281, 1816, 1818, 1308, 1312, 289, 802, 291, 1828, 1829, 1318, 807, 1835, 1838, 1327, 1329, 311, 1335, 1337, 1850, 828, 317, 1340, 831, 1346, 835, 837, 326, 1349, 840, 329, 841, 1352, 1356, 1862, 1358, 1363, 342, 1879, 858, 1371, 1883, 1887, 864, 1379, 1380, 1894, 871, 1383, 1900, 369, 887, 376, 1911, 1917, 895, 896, 1414, 905, 1417, 1932, 910, 1934, 1936, 1943, 1944, 413, 1950, 927, 416, 1439, 1441, 1953, 421, 424, 1961, 430, 943, 1966, 437, 439, 1465, 442, 445, 958, 447, 960, 961, 450, 1473, 1476, 1985, 1481, 972, 975, 980, 982, 1495, 473, 1497, 1500, 991, 1503, 1504, 1505, 1507, 1509, 1510, 1511, 1001, 493, 1517, 1010, 1015, 504, 1017, 1019, 1020}
1||0.5559552040819237||[46]||#@
2||0.5559552040819237||[58]||#@
3||0.5559552040819237||[373]||#@
4||0.5559552040819237||[45]||#@
6||0.5559552040819237||[133]||#@
7||0.5559552040819237||[1806]||#@
9||0.5559552040819237||[601]||#@
10||0.5559552040819237||[178]||#@
12||0.5559552040819237||[82]||#@
13||0.5559552040819237||[543]||#@
14||0.5559552040819237||[235]||#@
16||0.5559552040819237||[136]||#@
17||0.5559552040819237||[262]||#@
19||0.5559552040819237||[322]||#@
20||0.5559552040819237||[328]||#@
21||0.5559552040819237||[41]||#@
22||0.5559552040819237||[76]||#@
23||0.5559552040819237||[83]||#@
24||0.5559552040819237||[1831]||#@
25||0.5559552040819237||[1831]||#@
26||0.5559552040819237||[1831]||#@
30||0.5559552040819237||[85]||#@
48||0.5559552040819237||[237]||#@
56||0.723314396756073||[806, 954]||#@
72||0.5559552040819237||[361]||#@
97||0.5559552040819237||[293]||#@
112||0.723314396756073||[464, 513]||#@
116||0.723314396756073||[415, 638]||#@
118||0.5559552040819237||[162]||#@
138||0.5559552040819237||[220]||#@
155||0.5559552040819237||[577]||#@
160||0.5559552040819237||[1031]||#@
162||0.723314396756073||[402, 542]||#@
169||0.5559552040819237||[470]||#@
187||0.5559552040819237||[226]||#@
195||0.723314396756073||[819, 848]||#@
205||0.5559552040819237||[658]||#@
209||0.9885724412955662||[166, 1300, 1939, 4371, 4496, 4971]||#@
219||0.723314396756073||[561, 808]||#@
228||0.5559552040819237||[166]||#@
232||0.5559552040819237||[131]||#@
233||0.5559552040819237||[116]||#@
236||0.723314396756073||[464, 513]||#@
238||0.5559552040819237||[347]||#@
242||0.723314396756073||[93, 99]||#@
244||0.5559552040819237||[344]||#@
252||0.5559552040819237||[82]||#@
256||0.5559552040819237||[146]||#@
271||0.5559552040819237||[500]||#@
272||0.5559552040819237||[127]||#@
277||0.8212132486214171||[116, 469, 501]||#@
281||0.5559552040819237||[101]||#@
289||0.5559552040819237||[658]||#@
291||0.5559552040819237||[390]||#@
311||0.5559552040819237||[156]||#@
317||0.5559552040819237||[79]||#@
326||0.5559552040819237||[742]||#@
329||0.5559552040819237||[481]||#@
342||0.5559552040819237||[361]||#@
369||0.5559552040819237||[226]||#@
376||0.5559552040819237||[98]||#@
413||0.5559552040819237||[166]||#@
416||0.5559552040819237||[752]||#@
421||0.723314396756073||[189, 218]||#@
424||0.5559552040819237||[117]||#@
430||0.723314396756073||[806, 954]||#@
437||0.9885724412955662||[166, 1300, 1939, 4371, 4496, 4971]||#@
439||0.5559552040819237||[190]||#@
442||0.723314396756073||[366, 394]||#@
445||0.723314396756073||[415, 638]||#@
447||0.5559552040819237||[69]||#@
450||0.5559552040819237||[124]||#@
473||0.5559552040819237||[562]||#@
493||0.5559552040819237||[220]||#@
504||0.723314396756073||[366, 394]||#@
523||0.5559552040819237||[116]||#@
543||0.723314396756073||[644, 676]||#@
546||0.5559552040819237||[1407]||#@
550||0.5559552040819237||[465]||#@
553||0.5559552040819237||[1066]||#@
554||0.5559552040819237||[559]||#@
555||0.5559552040819237||[355]||#@
559||0.723314396756073||[579, 603]||#@
561||0.5559552040819237||[481]||#@
563||0.5559552040819237||[782]||#@
564||0.5559552040819237||[431]||#@
569||0.5559552040819237||[553]||#@
581||0.8212132486214171||[951, 983, 1013]||#@
583||0.5559552040819237||[355]||#@
593||0.723314396756073||[356, 649]||#@
595||0.5559552040819237||[1061]||#@
596||0.5559552040819237||[834]||#@
609||0.5559552040819237||[758]||#@
631||0.944551215489698||[806, 1003, 2209, 5764, 7794]||#@
632||0.5559552040819237||[394]||#@
650||0.5559552040819237||[444]||#@
656||0.5559552040819237||[667]||#@
659||0.5559552040819237||[942]||#@
676||0.5559552040819237||[517]||#@
693||0.5559552040819237||[427]||#@
694||0.8906735894302221||[461, 706, 752, 790]||#@
711||0.5559552040819237||[452]||#@
730||0.5559552040819237||[550]||#@
731||0.723314396756073||[467, 751]||#@
738||0.5559552040819237||[942]||#@
750||0.5559552040819237||[837]||#@
759||0.723314396756073||[1088, 1236]||#@
778||0.8212132486214171||[437, 711, 727]||#@
783||0.5559552040819237||[837]||#@
802||0.723314396756073||[581, 1051]||#@
807||0.5559552040819237||[530]||#@
828||0.5559552040819237||[380]||#@
831||0.5559552040819237||[558]||#@
835||0.8906735894302221||[499, 503, 506, 1019]||#@
837||0.5559552040819237||[517]||#@
840||0.723314396756073||[551, 592]||#@
841||0.5559552040819237||[333]||#@
858||0.5559552040819237||[1066]||#@
864||0.5559552040819237||[393]||#@
871||0.5559552040819237||[677]||#@
887||0.723314396756073||[579, 603]||#@
895||0.5559552040819237||[515]||#@
896||0.723314396756073||[371, 410]||#@
905||0.5559552040819237||[768]||#@
910||0.8212132486214171||[437, 711, 727]||#@
927||0.5559552040819237||[431]||#@
943||0.5559552040819237||[1061]||#@
958||0.8212132486214171||[593, 625, 655]||#@
960||0.5559552040819237||[782]||#@
961||0.8212132486214171||[635, 700, 985]||#@
972||0.5559552040819237||[553]||#@
975||0.5559552040819237||[385]||#@
980||0.5559552040819237||[530]||#@
982||0.5559552040819237||[638]||#@
991||0.5559552040819237||[384]||#@
1001||0.5559552040819237||[719]||#@
1010||0.5559552040819237||[465]||#@
1015||0.5559552040819237||[335]||#@
1017||0.5559552040819237||[396]||#@
1019||0.5559552040819237||[926]||#@
1020||0.5559552040819237||[822]||#@
1028||0.5559552040819237||[983]||#@
1034||0.5559552040819237||[719]||#@
1038||0.5559552040819237||[1407]||#@
1045||0.723314396756073||[371, 410]||#@
1051||0.723314396756073||[644, 676]||#@
1085||0.5559552040819237||[393]||#@
1095||0.723314396756073||[467, 751]||#@
1110||0.723314396756073||[529, 969]||#@
1113||0.5559552040819237||[383]||#@
1115||0.5559552040819237||[925]||#@
1116||0.5559552040819237||[417]||#@
1119||0.5559552040819237||[895]||#@
1127||0.5559552040819237||[822]||#@
1129||0.8212132486214171||[486, 703, 713]||#@
1132||0.5559552040819237||[365]||#@
1136||0.5559552040819237||[716]||#@
1144||0.723314396756073||[918, 984]||#@
1145||0.5559552040819237||[417]||#@
1150||0.5559552040819237||[1313]||#@
1153||0.5559552040819237||[385]||#@
1159||0.5559552040819237||[1069]||#@
1166||0.5559552040819237||[447]||#@
1169||0.723314396756073||[471, 515]||#@
1171||0.5559552040819237||[518]||#@
1186||0.723314396756073||[394, 977]||#@
1193||0.5559552040819237||[363]||#@
1213||0.5559552040819237||[629]||#@
1218||0.5559552040819237||[942]||#@
1224||0.8212132486214171||[413, 451, 504]||#@
1249||0.5559552040819237||[1069]||#@
1255||0.5559552040819237||[895]||#@
1258||0.5559552040819237||[444]||#@
1280||0.5559552040819237||[492]||#@
1282||0.5559552040819237||[758]||#@
1288||0.5559552040819237||[1167]||#@
1297||0.5559552040819237||[483]||#@
1300||0.5559552040819237||[1172]||#@
1303||0.723314396756073||[439, 515]||#@
1308||0.5559552040819237||[384]||#@
1312||0.5559552040819237||[550]||#@
1318||0.5559552040819237||[1068]||#@
1327||0.5559552040819237||[365]||#@
1329||0.723314396756073||[1014, 1055]||#@
1335||0.5559552040819237||[847]||#@
1337||0.5559552040819237||[834]||#@
1340||0.5559552040819237||[1068]||#@
1346||0.5559552040819237||[363]||#@
1349||1.0864712931609104||[10, 348, 380, 410, 460, 493, 537, 559, 573]||#@
1352||0.5559552040819237||[518]||#@
1356||0.5559552040819237||[457]||#@
1358||0.5559552040819237||[1167]||#@
1363||0.5559552040819237||[942]||#@
1371||0.723314396756073||[424, 734]||#@
1379||0.5559552040819237||[855]||#@
1380||0.723314396756073||[768, 912]||#@
1383||0.5559552040819237||[627]||#@
1414||0.5559552040819237||[716]||#@
1417||0.5559552040819237||[414]||#@
1439||0.5559552040819237||[942]||#@
1441||0.5559552040819237||[396]||#@
1465||0.5559552040819237||[899]||#@
1473||0.5559552040819237||[383]||#@
1476||0.5559552040819237||[983]||#@
1481||0.723314396756073||[356, 649]||#@
1495||0.5559552040819237||[559]||#@
1497||0.5559552040819237||[925]||#@
1500||0.5559552040819237||[494]||#@
1503||0.5559552040819237||[664]||#@
1504||0.5559552040819237||[1313]||#@
1505||0.5559552040819237||[397]||#@
1507||0.5559552040819237||[380]||#@
1509||0.5559552040819237||[457]||#@
1510||0.8906735894302221||[499, 503, 506, 1019]||#@
1511||0.723314396756073||[542, 825]||#@
1517||0.5559552040819237||[483]||#@
1529||0.5559552040819237||[380]||#@
1542||0.723314396756073||[394, 977]||#@
1563||0.5559552040819237||[641]||#@
1566||0.8212132486214171||[951, 983, 1013]||#@
1568||0.723314396756073||[374, 429]||#@
1584||0.5559552040819237||[378]||#@
1585||0.5559552040819237||[674]||#@
1586||0.5559552040819237||[667]||#@
1589||0.5559552040819237||[359]||#@
1595||1.0864712931609104||[10, 348, 380, 410, 460, 493, 537, 559, 573]||#@
1605||0.5559552040819237||[414]||#@
1621||0.5559552040819237||[333]||#@
1623||0.5559552040819237||[942]||#@
1645||0.723314396756073||[581, 1051]||#@
1651||0.723314396756073||[768, 912]||#@
1655||0.723314396756073||[1088, 1236]||#@
1667||0.5559552040819237||[447]||#@
1678||0.5559552040819237||[483]||#@
1693||0.723314396756073||[358, 390]||#@
1698||0.5559552040819237||[683]||#@
1714||0.5559552040819237||[1079]||#@
1720||0.5559552040819237||[509]||#@
1722||0.5559552040819237||[638]||#@
1730||0.723314396756073||[439, 515]||#@
1736||0.5559552040819237||[394]||#@
1744||0.723314396756073||[918, 984]||#@
1746||0.5559552040819237||[558]||#@
1759||0.723314396756073||[804, 836]||#@
1770||0.944551215489698||[806, 1003, 2209, 5764, 7794]||#@
1773||0.5559552040819237||[481]||#@
1774||0.5559552040819237||[509]||#@
1775||0.5559552040819237||[335]||#@
1777||0.723314396756073||[551, 592]||#@
1792||0.5559552040819237||[899]||#@
1793||0.5559552040819237||[627]||#@
1801||0.5559552040819237||[629]||#@
1815||0.5559552040819237||[427]||#@
1816||0.5559552040819237||[380]||#@
1818||0.5559552040819237||[494]||#@
1828||0.5559552040819237||[956]||#@
1829||0.5559552040819237||[515]||#@
1835||0.5559552040819237||[683]||#@
1838||0.723314396756073||[358, 390]||#@
1850||0.8212132486214171||[635, 700, 985]||#@
1862||0.5559552040819237||[483]||#@
1879||0.723314396756073||[424, 734]||#@
1883||0.5559552040819237||[855]||#@
1887||0.5559552040819237||[378]||#@
1894||0.5559552040819237||[956]||#@
1900||0.8906735894302221||[461, 706, 752, 790]||#@
1911||0.5559552040819237||[359]||#@
1917||0.723314396756073||[374, 429]||#@
1932||0.5559552040819237||[677]||#@
1934||0.5559552040819237||[587]||#@
1936||0.8212132486214171||[413, 451, 504]||#@
1943||0.5559552040819237||[489]||#@
1944||0.5559552040819237||[587]||#@
1950||0.5559552040819237||[492]||#@
1953||0.723314396756073||[529, 969]||#@
1961||0.5559552040819237||[397]||#@
1966||0.8212132486214171||[486, 703, 713]||#@
1985||0.723314396756073||[542, 825]||#@
quasar
{4, 5, 22, 15}
4||2.397940008672037||[40]||#@
5||4.0740281469310435||[4, 144, 276, 291, 360]||#@
15||4.0740281469310435||[4, 144, 276, 291, 360]||#@
22||2.397940008672037||[30]||#@
qualiti
{5, 1541, 1032, 1037, 15, 1039, 1044, 22, 1531, 1562, 541, 30, 1059, 41, 554, 558, 47, 1072, 1591, 1592, 571, 572, 62, 1086, 64, 1605, 584, 585, 1104, 1107, 85, 1621, 1115, 93, 1118, 1630, 99, 1127, 623, 116, 631, 122, 1146, 1150, 1666, 1170, 147, 1173, 1181, 1183, 160, 161, 1191, 178, 1209, 1723, 1213, 710, 713, 207, 209, 1235, 725, 729, 1242, 219, 1754, 736, 1763, 1766, 745, 1770, 238, 1266, 767, 257, 1283, 260, 1801, 1293, 1294, 273, 1298, 790, 791, 1311, 801, 295, 811, 1839, 1329, 1331, 313, 1339, 322, 1347, 841, 331, 843, 1382, 1895, 361, 877, 1391, 1908, 1399, 1914, 389, 391, 1927, 1417, 397, 914, 403, 1435, 1956, 1957, 934, 423, 1959, 939, 428, 940, 945, 1459, 437, 951, 443, 955, 445, 956, 962, 1479, 971, 1485, 1486, 1491, 1495, 1497, 1504, 497, 1522, 503, 1528, 1019, 1020}
5||1.6712942884311257||[0, 5, 140, 223, 227, 241, 272, 287, 361, 532]||#@
15||1.6712942884311257||[0, 5, 140, 223, 227, 241, 272, 287, 361, 532]||#@
22||1.0872020004153922||[26, 68]||#@
30||0.8356471442155629||[79]||#@
41||0.8356471442155629||[1089]||#@
47||0.8356471442155629||[176]||#@
62||0.8356471442155629||[275]||#@
64||0.8356471442155629||[257]||#@
85||0.8356471442155629||[332]||#@
93||0.8356471442155629||[134]||#@
99||1.4197394322312964||[128, 325, 340, 348, 417]||#@
116||1.0872020004153922||[331, 515]||#@
122||0.8356471442155629||[223]||#@
147||0.8356471442155629||[469]||#@
160||0.8356471442155629||[237]||#@
161||0.8356471442155629||[255]||#@
178||0.8356471442155629||[452]||#@
207||0.8356471442155629||[176]||#@
209||1.0872020004153922||[450, 5244]||#@
219||1.0872020004153922||[889, 1680]||#@
238||1.2343521581665948||[573, 718, 946]||#@
257||0.8356471442155629||[177]||#@
260||0.8356471442155629||[255]||#@
273||0.8356471442155629||[223]||#@
295||0.8356471442155629||[495]||#@
313||1.0872020004153922||[196, 225]||#@
322||0.8356471442155629||[1089]||#@
331||0.8356471442155629||[495]||#@
361||1.0872020004153922||[231, 260]||#@
389||0.8356471442155629||[769]||#@
391||1.0872020004153922||[309, 317]||#@
397||1.0872020004153922||[470, 564]||#@
403||0.8356471442155629||[469]||#@
423||0.8356471442155629||[223]||#@
428||0.8356471442155629||[414]||#@
437||1.0872020004153922||[450, 5244]||#@
443||0.8356471442155629||[324]||#@
445||1.0872020004153922||[331, 515]||#@
497||1.0872020004153922||[470, 564]||#@
503||0.8356471442155629||[414]||#@
541||0.8356471442155629||[426]||#@
554||1.0872020004153922||[370, 629]||#@
558||0.8356471442155629||[934]||#@
571||0.8356471442155629||[599]||#@
572||0.8356471442155629||[1015]||#@
584||0.8356471442155629||[402]||#@
585||0.8356471442155629||[989]||#@
623||0.8356471442155629||[456]||#@
631||1.0872020004153922||[2216, 10214]||#@
710||1.0872020004153922||[588, 634]||#@
713||0.8356471442155629||[436]||#@
725||0.8356471442155629||[359]||#@
729||0.8356471442155629||[603]||#@
736||0.8356471442155629||[359]||#@
745||0.8356471442155629||[584]||#@
767||0.8356471442155629||[550]||#@
790||0.8356471442155629||[934]||#@
791||0.8356471442155629||[734]||#@
801||0.8356471442155629||[402]||#@
811||0.8356471442155629||[948]||#@
841||1.0872020004153922||[403, 647]||#@
843||0.8356471442155629||[1188]||#@
877||0.8356471442155629||[379]||#@
914||0.8356471442155629||[584]||#@
934||1.0872020004153922||[490, 923]||#@
939||1.0872020004153922||[605, 1038]||#@
940||0.8356471442155629||[676]||#@
945||0.8356471442155629||[456]||#@
951||0.8356471442155629||[386]||#@
955||0.8356471442155629||[696]||#@
956||1.0872020004153922||[654, 873]||#@
962||0.8356471442155629||[492]||#@
971||0.8356471442155629||[436]||#@
1019||0.8356471442155629||[760]||#@
1020||1.0872020004153922||[363, 423]||#@
1032||0.8356471442155629||[390]||#@
1037||0.8356471442155629||[427]||#@
1039||1.2343521581665948||[637, 1248, 1257]||#@
1044||0.8356471442155629||[348]||#@
1059||0.8356471442155629||[632]||#@
1072||0.8356471442155629||[588]||#@
1086||0.8356471442155629||[501]||#@
1104||0.8356471442155629||[959]||#@
1107||0.8356471442155629||[948]||#@
1115||0.8356471442155629||[759]||#@
1118||0.8356471442155629||[379]||#@
1127||1.0872020004153922||[363, 423]||#@
1146||0.8356471442155629||[443]||#@
1150||0.8356471442155629||[519]||#@
1170||0.8356471442155629||[603]||#@
1173||0.8356471442155629||[1015]||#@
1181||0.8356471442155629||[1137]||#@
1183||0.8356471442155629||[478]||#@
1191||1.2343521581665948||[325, 353, 639]||#@
1209||0.8356471442155629||[1137]||#@
1213||1.2343521581665948||[855, 1000, 1228]||#@
1235||0.8356471442155629||[427]||#@
1242||0.8356471442155629||[466]||#@
1266||0.8356471442155629||[521]||#@
1283||0.8356471442155629||[470]||#@
1293||0.8356471442155629||[426]||#@
1294||0.8356471442155629||[501]||#@
1298||0.8356471442155629||[751]||#@
1311||0.8356471442155629||[696]||#@
1329||0.8356471442155629||[581]||#@
1331||0.8356471442155629||[436]||#@
1339||0.8356471442155629||[550]||#@
1347||1.0872020004153922||[654, 873]||#@
1382||0.8356471442155629||[734]||#@
1391||0.8356471442155629||[512]||#@
1399||0.8356471442155629||[521]||#@
1417||0.8356471442155629||[360]||#@
1435||0.8356471442155629||[751]||#@
1459||0.8356471442155629||[381]||#@
1479||0.8356471442155629||[478]||#@
1485||0.8356471442155629||[348]||#@
1486||0.8356471442155629||[390]||#@
1491||1.2343521581665948||[325, 353, 639]||#@
1495||1.0872020004153922||[370, 629]||#@
1497||0.8356471442155629||[759]||#@
1504||0.8356471442155629||[519]||#@
1522||0.8356471442155629||[443]||#@
1528||0.8356471442155629||[386]||#@
1531||1.0872020004153922||[588, 634]||#@
1541||1.0872020004153922||[490, 923]||#@
1562||0.8356471442155629||[512]||#@
1591||0.8356471442155629||[400]||#@
1592||0.8356471442155629||[588]||#@
1605||0.8356471442155629||[360]||#@
1621||1.0872020004153922||[403, 647]||#@
1630||1.0872020004153922||[538, 625]||#@
1666||0.8356471442155629||[470]||#@
1723||0.8356471442155629||[492]||#@
1754||0.8356471442155629||[910]||#@
1763||0.8356471442155629||[910]||#@
1766||0.8356471442155629||[959]||#@
1770||1.0872020004153922||[2216, 10214]||#@
1801||1.2343521581665948||[855, 1000, 1228]||#@
1839||1.2343521581665948||[637, 1248, 1257]||#@
1895||0.8356471442155629||[676]||#@
1908||0.8356471442155629||[466]||#@
1914||0.8356471442155629||[436]||#@
1927||0.8356471442155629||[400]||#@
1956||1.0872020004153922||[538, 625]||#@
1957||0.8356471442155629||[381]||#@
1959||0.8356471442155629||[632]||#@
qi
{257, 417, 5, 389, 199, 263, 169, 233, 329, 76, 395, 523, 15, 720, 498, 371, 1364, 473, 93}
5||2.9243460020525287||[23, 303, 348, 373, 435]||#@
15||2.9243460020525287||[23, 303, 348, 373, 435]||#@
76||1.721246399047171||[65]||#@
93||2.2393931950889843||[43, 298]||#@
169||1.721246399047171||[686]||#@
199||1.721246399047171||[65]||#@
233||1.721246399047171||[111]||#@
257||2.757539991130797||[4, 67, 94, 340]||#@
263||1.721246399047171||[182]||#@
329||1.721246399047171||[697]||#@
371||2.2393931950889843||[62, 138]||#@
389||1.721246399047171||[183]||#@
395||1.721246399047171||[182]||#@
417||1.721246399047171||[691]||#@
473||1.721246399047171||[778]||#@
498||1.721246399047171||[220]||#@
523||1.721246399047171||[111]||#@
720||1.721246399047171||[906]||#@
1364||1.721246399047171||[906]||#@
qpm
{11}
11||3.9030899869919433||[86, 88]||#@
qex
{11}
11||3.9030899869919433||[87, 89]||#@
quantifi
{1792, 1153, 11, 396, 913, 659, 1427, 411, 551, 1704, 181, 1845, 1465, 1218, 195, 711, 1353, 1227, 975, 1889, 994, 1764, 870, 365, 1135, 1659, 1661}
11||1.5686362358410126||[943]||#@
181||1.5686362358410126||[245]||#@
195||1.5686362358410126||[989]||#@
365||1.5686362358410126||[202]||#@
396||1.5686362358410126||[120]||#@
411||1.5686362358410126||[186]||#@
551||1.5686362358410126||[356]||#@
659||1.5686362358410126||[338]||#@
711||1.5686362358410126||[347]||#@
870||2.0408427951145964||[7, 338]||#@
913||1.5686362358410126||[460]||#@
975||1.5686362358410126||[535]||#@
994||1.5686362358410126||[460]||#@
1135||1.5686362358410126||[329]||#@
1153||1.5686362358410126||[535]||#@
1218||1.5686362358410126||[338]||#@
1227||1.5686362358410126||[563]||#@
1353||2.0408427951145964||[7, 338]||#@
1427||1.5686362358410126||[368]||#@
1465||1.5686362358410126||[794]||#@
1659||1.5686362358410126||[484]||#@
1661||1.5686362358410126||[329]||#@
1704||1.5686362358410126||[563]||#@
1764||1.5686362358410126||[356]||#@
1792||1.5686362358410126||[794]||#@
1845||1.5686362358410126||[484]||#@
1889||1.5686362358410126||[368]||#@
qbic
{14}
14||2.9999999999999996||[59]||#@
qa
{160, 1504, 1347, 1667, 1166, 1391, 20, 1562, 956, 1150}
20||2.0||[1240]||#@
160||2.9542425094393248||[239, 1340, 1471]||#@
956||2.0||[361]||#@
1150||2.9542425094393248||[521, 1622, 1753]||#@
1166||2.0||[439]||#@
1347||2.0||[361]||#@
1391||2.0||[935]||#@
1504||2.9542425094393248||[521, 1622, 1753]||#@
1562||2.0||[935]||#@
1667||2.0||[439]||#@
quickli
{512, 769, 1793, 643, 1832, 905, 651, 912, 1809, 1298, 147, 403, 659, 1303, 1561, 1945, 411, 28, 1051, 1435, 543, 160, 289, 162, 799, 292, 800, 1439, 1694, 1576, 553, 554, 171, 1068, 1193, 302, 303, 1451, 1708, 1713, 52, 181, 1844, 1081, 442, 1082, 702, 1215, 1854, 1218, 67, 196, 1093, 70, 1346, 1730, 1734, 1739, 205, 1363, 471, 728, 857, 858, 1495, 1623, 733, 1504, 738, 1378, 1383, 504, 746, 1770, 1903, 882, 1781, 502, 631, 120, 1398, 506, 1150}
28||1.080921907623926||[200]||#@
52||1.080921907623926||[203]||#@
67||1.080921907623926||[297]||#@
70||1.406311824789059||[588, 654]||#@
120||1.080921907623926||[1106]||#@
147||1.080921907623926||[336]||#@
160||1.080921907623926||[1473]||#@
162||1.080921907623926||[452]||#@
171||1.080921907623926||[152]||#@
181||1.080921907623926||[278]||#@
196||1.080921907623926||[132]||#@
205||1.080921907623926||[344]||#@
289||1.080921907623926||[344]||#@
292||1.080921907623926||[100]||#@
302||1.080921907623926||[313]||#@
303||1.406311824789059||[588, 654]||#@
403||1.080921907623926||[336]||#@
411||1.080921907623926||[219]||#@
442||1.080921907623926||[423]||#@
471||1.080921907623926||[313]||#@
502||1.080921907623926||[200]||#@
504||1.080921907623926||[423]||#@
506||1.080921907623926||[257]||#@
512||1.080921907623926||[257]||#@
543||1.080921907623926||[1087]||#@
553||1.080921907623926||[667]||#@
554||1.080921907623926||[494]||#@
631||1.080921907623926||[10401]||#@
643||1.080921907623926||[388]||#@
651||1.080921907623926||[539]||#@
659||1.080921907623926||[770]||#@
702||1.080921907623926||[388]||#@
728||1.080921907623926||[372]||#@
733||1.080921907623926||[460]||#@
738||1.080921907623926||[627]||#@
746||1.080921907623926||[460]||#@
769||1.080921907623926||[834]||#@
799||1.080921907623926||[679]||#@
800||1.080921907623926||[700]||#@
857||1.080921907623926||[1028]||#@
858||1.080921907623926||[667]||#@
882||1.080921907623926||[976]||#@
905||1.080921907623926||[352]||#@
912||1.406311824789059||[749, 1104]||#@
1051||1.080921907623926||[1087]||#@
1068||1.080921907623926||[1097]||#@
1081||1.080921907623926||[700]||#@
1082||1.080921907623926||[679]||#@
1093||1.080921907623926||[372]||#@
1150||1.080921907623926||[1755]||#@
1193||1.080921907623926||[600]||#@
1215||1.080921907623926||[1028]||#@
1218||1.080921907623926||[770]||#@
1298||1.080921907623926||[618]||#@
1303||1.406311824789059||[802, 830]||#@
1346||1.080921907623926||[600]||#@
1363||1.080921907623926||[791]||#@
1378||1.080921907623926||[583]||#@
1383||1.080921907623926||[357]||#@
1398||1.080921907623926||[539]||#@
1435||1.080921907623926||[618]||#@
1439||1.080921907623926||[791]||#@
1451||1.080921907623926||[583]||#@
1495||1.080921907623926||[494]||#@
1504||1.080921907623926||[1755]||#@
1561||1.406311824789059||[426, 847]||#@
1576||1.080921907623926||[780]||#@
1623||1.080921907623926||[627]||#@
1694||1.080921907623926||[433]||#@
1708||1.080921907623926||[1097]||#@
1713||1.080921907623926||[630]||#@
1730||1.406311824789059||[802, 830]||#@
1734||1.080921907623926||[425]||#@
1739||1.080921907623926||[372]||#@
1770||1.080921907623926||[10401]||#@
1781||1.080921907623926||[780]||#@
1793||1.080921907623926||[357]||#@
1809||1.080921907623926||[433]||#@
1832||1.080921907623926||[976]||#@
1844||1.080921907623926||[834]||#@
1854||1.406311824789059||[749, 1104]||#@
1903||1.406311824789059||[426, 847]||#@
1945||1.080921907623926||[630]||#@
quarter
{1546, 526, 1039, 1550, 1552, 1042, 30, 1058, 1059, 553, 1068, 557, 1586, 563, 1076, 1081, 1082, 571, 1084, 67, 1092, 1605, 1096, 585, 78, 79, 1102, 82, 1107, 596, 1110, 1632, 1633, 1124, 1125, 1637, 1135, 1648, 632, 120, 1661, 130, 656, 145, 1169, 659, 1170, 663, 1176, 1689, 1179, 1181, 1693, 672, 1698, 1699, 1708, 1204, 182, 1718, 1209, 1218, 1736, 716, 1228, 1229, 1230, 1231, 1742, 1745, 724, 729, 1762, 739, 742, 1772, 750, 1262, 1779, 1784, 1276, 769, 770, 1285, 1797, 1288, 781, 271, 272, 783, 784, 786, 787, 277, 1808, 792, 795, 1820, 799, 800, 1315, 805, 1832, 811, 300, 1835, 1838, 1839, 1841, 1332, 1844, 824, 1337, 317, 1853, 1854, 1344, 1348, 1867, 1358, 849, 1361, 1363, 855, 1367, 1879, 858, 1371, 1387, 882, 1912, 1402, 1413, 1416, 1417, 1418, 907, 1928, 1935, 912, 1424, 1425, 1943, 1433, 1437, 1439, 1952, 1441, 1953, 1959, 1448, 946, 1977, 443, 960, 454, 1480, 990, 483, 1017}
30||0.7958800173440752||[994]||#@
67||0.7958800173440752||[305]||#@
78||0.7958800173440752||[428]||#@
79||0.7958800173440752||[466]||#@
82||0.7958800173440752||[494]||#@
120||0.7958800173440752||[1046]||#@
130||0.7958800173440752||[428]||#@
145||1.0354637755142115||[361, 373]||#@
182||0.7958800173440752||[169]||#@
271||1.0354637755142115||[199, 562]||#@
272||1.0354637755142115||[57, 87]||#@
277||1.0354637755142115||[674, 722]||#@
300||0.7958800173440752||[169]||#@
317||1.0354637755142115||[597, 728]||#@
443||0.7958800173440752||[94]||#@
454||0.7958800173440752||[494]||#@
483||1.0354637755142115||[361, 373]||#@
526||0.7958800173440752||[122]||#@
553||1.175611289825587||[391, 479, 497]||#@
557||0.7958800173440752||[328]||#@
563||1.0354637755142115||[481, 844]||#@
571||0.7958800173440752||[328]||#@
585||1.0354637755142115||[332, 358]||#@
596||0.7958800173440752||[929]||#@
632||0.7958800173440752||[537]||#@
656||0.7958800173440752||[574]||#@
659||0.7958800173440752||[660]||#@
663||0.7958800173440752||[632]||#@
672||0.7958800173440752||[671]||#@
716||0.7958800173440752||[1069]||#@
724||1.175611289825587||[356, 432, 753]||#@
729||0.7958800173440752||[401]||#@
739||0.7958800173440752||[708]||#@
742||0.7958800173440752||[711]||#@
750||0.7958800173440752||[518]||#@
769||0.7958800173440752||[676]||#@
770||0.7958800173440752||[328]||#@
781||0.7958800173440752||[1069]||#@
783||0.7958800173440752||[518]||#@
784||0.7958800173440752||[547]||#@
786||0.7958800173440752||[538]||#@
787||1.175611289825587||[442, 671, 681]||#@
792||0.7958800173440752||[1148]||#@
795||0.7958800173440752||[468]||#@
799||0.7958800173440752||[419]||#@
800||0.7958800173440752||[907]||#@
805||0.7958800173440752||[478]||#@
811||0.7958800173440752||[798]||#@
824||0.7958800173440752||[384]||#@
849||0.7958800173440752||[632]||#@
855||0.7958800173440752||[538]||#@
858||1.175611289825587||[391, 479, 497]||#@
882||1.0354637755142115||[576, 1188]||#@
907||1.4684766600880659||[345, 363, 473, 497, 506, 822, 1071]||#@
912||0.7958800173440752||[1369]||#@
946||0.7958800173440752||[832]||#@
960||1.0354637755142115||[481, 844]||#@
990||0.7958800173440752||[671]||#@
1017||0.7958800173440752||[538]||#@
1039||1.0354637755142115||[2040, 2115]||#@
1042||0.7958800173440752||[776]||#@
1058||0.7958800173440752||[382]||#@
1059||0.7958800173440752||[359]||#@
1068||1.0354637755142115||[697, 1309]||#@
1076||0.7958800173440752||[398]||#@
1081||0.7958800173440752||[907]||#@
1082||0.7958800173440752||[419]||#@
1084||0.7958800173440752||[547]||#@
1092||1.0354637755142115||[680, 698]||#@
1096||0.7958800173440752||[382]||#@
1102||0.7958800173440752||[357]||#@
1107||0.7958800173440752||[798]||#@
1110||0.7958800173440752||[656]||#@
1124||1.175611289825587||[356, 432, 753]||#@
1125||0.7958800173440752||[328]||#@
1135||0.7958800173440752||[559]||#@
1169||0.7958800173440752||[328]||#@
1170||0.7958800173440752||[401]||#@
1176||0.7958800173440752||[1148]||#@
1179||1.0354637755142115||[767, 793]||#@
1181||0.7958800173440752||[857]||#@
1204||1.0354637755142115||[374, 491]||#@
1209||0.7958800173440752||[857]||#@
1218||0.7958800173440752||[660]||#@
1228||0.7958800173440752||[711]||#@
1229||1.0354637755142115||[431, 681]||#@
1230||1.4684766600880659||[345, 363, 473, 497, 506, 822, 1071]||#@
1231||1.0354637755142115||[367, 370]||#@
1262||0.7958800173440752||[451]||#@
1276||1.175611289825587||[442, 671, 681]||#@
1285||0.7958800173440752||[511]||#@
1288||0.7958800173440752||[682]||#@
1315||0.7958800173440752||[415]||#@
1332||0.7958800173440752||[478]||#@
1337||0.7958800173440752||[929]||#@
1344||1.0354637755142115||[470, 473]||#@
1348||0.7958800173440752||[392]||#@
1358||0.7958800173440752||[682]||#@
1361||0.7958800173440752||[776]||#@
1363||1.0354637755142115||[548, 624]||#@
1367||0.7958800173440752||[415]||#@
1371||0.7958800173440752||[634]||#@
1387||0.7958800173440752||[384]||#@
1402||0.7958800173440752||[328]||#@
1413||0.7958800173440752||[328]||#@
1416||1.175611289825587||[9, 338, 364]||#@
1417||0.7958800173440752||[534]||#@
1418||0.7958800173440752||[382]||#@
1424||0.7958800173440752||[392]||#@
1425||1.0354637755142115||[516, 591]||#@
1433||0.7958800173440752||[575]||#@
1437||1.0354637755142115||[680, 698]||#@
1439||1.0354637755142115||[548, 624]||#@
1441||0.7958800173440752||[538]||#@
1448||1.0354637755142115||[769, 1101]||#@
1480||0.7958800173440752||[832]||#@
1546||1.0354637755142115||[681, 699]||#@
1550||1.0354637755142115||[345, 829]||#@
1552||1.0354637755142115||[516, 591]||#@
1586||0.7958800173440752||[574]||#@
1605||0.7958800173440752||[534]||#@
1632||1.0354637755142115||[438, 804]||#@
1633||1.0354637755142115||[438, 804]||#@
1637||0.7958800173440752||[511]||#@
1648||0.7958800173440752||[451]||#@
1661||0.7958800173440752||[559]||#@
1689||1.0354637755142115||[431, 681]||#@
1693||0.7958800173440752||[534]||#@
1698||0.7958800173440752||[646]||#@
1699||0.7958800173440752||[1324]||#@
1708||1.0354637755142115||[697, 1309]||#@
1718||1.0354637755142115||[367, 370]||#@
1736||0.7958800173440752||[537]||#@
1742||1.0354637755142115||[769, 1101]||#@
1745||1.2750475336843476||[511, 790, 813, 849]||#@
1762||1.0354637755142115||[345, 829]||#@
1772||0.7958800173440752||[468]||#@
1779||1.0354637755142115||[374, 491]||#@
1784||0.7958800173440752||[357]||#@
1797||1.0354637755142115||[470, 473]||#@
1808||0.7958800173440752||[396]||#@
1820||0.7958800173440752||[1614]||#@
1832||1.0354637755142115||[576, 1188]||#@
1835||0.7958800173440752||[646]||#@
1838||0.7958800173440752||[534]||#@
1839||1.0354637755142115||[2040, 2115]||#@
1841||0.7958800173440752||[1111]||#@
1844||0.7958800173440752||[676]||#@
1853||0.7958800173440752||[708]||#@
1854||0.7958800173440752||[1369]||#@
1867||0.7958800173440752||[701]||#@
1879||0.7958800173440752||[634]||#@
1912||0.7958800173440752||[398]||#@
1928||1.2750475336843476||[511, 790, 813, 849]||#@
1935||1.0354637755142115||[767, 793]||#@
1943||0.7958800173440752||[328]||#@
1952||0.7958800173440752||[1614]||#@
1953||0.7958800173440752||[656]||#@
1959||0.7958800173440752||[359]||#@
1977||1.175611289825587||[9, 338, 364]||#@
quot
{33, 45, 49, 68, 83, 106, 108, 109, 110, 126, 136, 148, 159, 161, 166, 170, 172, 185, 187, 188, 209, 221, 234, 238, 244, 250, 255, 260, 271, 287, 291, 293, 295, 297, 302, 314, 328, 330, 331, 333, 336, 341, 349, 360, 366, 369, 400, 407, 408, 409, 414, 416, 437, 441, 465, 467, 470, 474, 475, 477, 495, 499, 510, 518, 527, 535, 538, 540, 543, 549, 553, 556, 560, 562, 563, 564, 565, 566, 567, 569, 572, 574, 576, 577, 578, 579, 580, 581, 586, 587, 588, 589, 591, 593, 597, 601, 602, 603, 605, 607, 610, 611, 612, 619, 620, 624, 626, 627, 628, 634, 641, 645, 648, 649, 652, 653, 654, 655, 656, 657, 658, 660, 661, 662, 664, 665, 670, 672, 673, 674, 675, 676, 678, 681, 688, 692, 695, 696, 698, 699, 705, 706, 707, 708, 712, 714, 719, 722, 723, 727, 730, 732, 735, 739, 741, 743, 744, 745, 751, 756, 758, 760, 761, 766, 767, 768, 773, 774, 778, 780, 785, 792, 793, 799, 802, 803, 804, 806, 808, 809, 810, 811, 812, 816, 817, 818, 827, 829, 831, 832, 833, 834, 836, 837, 840, 842, 843, 846, 847, 848, 852, 854, 857, 858, 859, 861, 866, 867, 869, 870, 872, 873, 874, 882, 884, 886, 888, 889, 890, 891, 892, 894, 895, 896, 897, 899, 902, 905, 909, 910, 911, 913, 914, 919, 921, 922, 924, 925, 926, 927, 929, 930, 932, 939, 941, 942, 944, 946, 947, 948, 949, 955, 957, 958, 960, 963, 965, 966, 968, 972, 974, 976, 979, 990, 992, 994, 998, 999, 1001, 1008, 1015, 1021, 1022, 1028, 1029, 1030, 1033, 1034, 1035, 1036, 1042, 1043, 1045, 1046, 1048, 1050, 1051, 1053, 1056, 1057, 1058, 1059, 1061, 1066, 1067, 1068, 1070, 1074, 1075, 1076, 1077, 1078, 1080, 1082, 1087, 1088, 1092, 1094, 1096, 1100, 1102, 1104, 1107, 1108, 1109, 1111, 1120, 1122, 1131, 1134, 1135, 1137, 1139, 1140, 1142, 1143, 1148, 1149, 1157, 1159, 1160, 1161, 1162, 1165, 1167, 1173, 1174, 1176, 1177, 1179, 1181, 1184, 1185, 1186, 1189, 1194, 1196, 1197, 1199, 1200, 1208, 1209, 1214, 1215, 1216, 1217, 1222, 1224, 1225, 1226, 1227, 1231, 1233, 1234, 1239, 1240, 1242, 1245, 1247, 1248, 1249, 1250, 1256, 1257, 1261, 1262, 1267, 1268, 1269, 1271, 1272, 1273, 1274, 1277, 1278, 1280, 1284, 1286, 1291, 1296, 1299, 1300, 1302, 1303, 1304, 1307, 1310, 1311, 1312, 1313, 1319, 1320, 1324, 1328, 1329, 1330, 1335, 1339, 1341, 1342, 1343, 1345, 1353, 1355, 1356, 1361, 1366, 1373, 1374, 1375, 1376, 1380, 1381, 1386, 1388, 1390, 1404, 1408, 1409, 1411, 1415, 1418, 1420, 1421, 1425, 1426, 1427, 1428, 1429, 1430, 1431, 1433, 1437, 1438, 1444, 1445, 1449, 1455, 1457, 1465, 1470, 1476, 1480, 1481, 1482, 1483, 1484, 1489, 1494, 1499, 1501, 1509, 1512, 1515, 1516, 1524, 1525, 1526, 1527, 1534, 1535, 1537, 1538, 1540, 1542, 1543, 1545, 1546, 1547, 1549, 1550, 1552, 1555, 1556, 1557, 1558, 1559, 1566, 1571, 1573, 1575, 1581, 1582, 1583, 1585, 1586, 1587, 1588, 1593, 1594, 1602, 1604, 1611, 1616, 1617, 1619, 1622, 1624, 1627, 1628, 1629, 1635, 1640, 1641, 1642, 1644, 1645, 1648, 1649, 1651, 1653, 1656, 1657, 1658, 1661, 1664, 1669, 1673, 1675, 1676, 1682, 1684, 1694, 1697, 1699, 1703, 1704, 1707, 1708, 1710, 1711, 1714, 1716, 1718, 1727, 1728, 1730, 1734, 1737, 1740, 1741, 1746, 1747, 1751, 1757, 1759, 1761, 1762, 1766, 1767, 1775, 1776, 1777, 1780, 1782, 1784, 1786, 1788, 1792, 1794, 1795, 1796, 1800, 1802, 1803, 1804, 1807, 1809, 1812, 1813, 1824, 1826, 1827, 1828, 1829, 1830, 1832, 1833, 1834, 1841, 1848, 1849, 1852, 1853, 1856, 1858, 1859, 1863, 1864, 1866, 1867, 1868, 1869, 1873, 1874, 1876, 1878, 1881, 1882, 1889, 1891, 1894, 1896, 1902, 1906, 1907, 1908, 1912, 1913, 1918, 1919, 1920, 1922, 1923, 1925, 1930, 1931, 1934, 1935, 1936, 1940, 1942, 1944, 1949, 1950, 1951, 1954, 1955, 1959, 1960, 1963, 1964, 1967, 1971, 1972, 1973, 1976, 1979, 1980, 1981, 1982, 1983, 1984, 1986}
33||0.1844222516757327||[139]||#@
45||0.1844222516757327||[249]||#@
49||0.1844222516757327||[293]||#@
68||0.2954555109203076||[10, 58, 174, 186]||#@
83||0.1844222516757327||[167]||#@
106||0.1844222516757327||[311]||#@
108||0.1844222516757327||[439]||#@
109||0.23993888129802018||[11, 60]||#@
110||0.1844222516757327||[285]||#@
126||0.1844222516757327||[222]||#@
136||0.27241402779348367||[12, 62, 198]||#@
148||0.23993888129802018||[15, 68]||#@
159||0.23993888129802018||[15, 68]||#@
161||0.1844222516757327||[290]||#@
166||0.27241402779348367||[14, 66, 165]||#@
170||0.1844222516757327||[1061]||#@
172||0.23993888129802018||[14, 66]||#@
185||0.1844222516757327||[293]||#@
187||0.1844222516757327||[468]||#@
188||0.1844222516757327||[293]||#@
209||0.1844222516757327||[3473]||#@
221||0.23993888129802018||[303, 691]||#@
234||0.1844222516757327||[147]||#@
238||0.1844222516757327||[1061]||#@
244||0.1844222516757327||[1169]||#@
250||0.23993888129802018||[14, 66]||#@
255||0.23993888129802018||[521, 620]||#@
260||0.1844222516757327||[290]||#@
271||0.1844222516757327||[1303]||#@
287||0.1844222516757327||[324]||#@
291||0.1844222516757327||[670]||#@
293||0.1844222516757327||[204]||#@
295||0.1844222516757327||[622]||#@
297||0.23993888129802018||[5, 48]||#@
302||0.1844222516757327||[640]||#@
314||0.1844222516757327||[282]||#@
328||0.1844222516757327||[163]||#@
330||0.1844222516757327||[144]||#@
331||0.1844222516757327||[622]||#@
333||0.23993888129802018||[7, 52]||#@
336||0.1844222516757327||[896]||#@
341||0.1844222516757327||[168]||#@
349||0.23993888129802018||[187, 204]||#@
360||0.23993888129802018||[16, 70]||#@
366||0.27241402779348367||[11, 60, 174]||#@
369||0.1844222516757327||[468]||#@
400||0.23993888129802018||[6, 50]||#@
407||0.23993888129802018||[14, 66]||#@
408||0.23993888129802018||[52, 880]||#@
409||0.1844222516757327||[293]||#@
414||0.1844222516757327||[96]||#@
416||0.27241402779348367||[49, 163, 375]||#@
437||0.1844222516757327||[3473]||#@
441||0.23993888129802018||[15, 68]||#@
465||0.27241402779348367||[11, 60, 124]||#@
467||0.1844222516757327||[210]||#@
470||0.1844222516757327||[482]||#@
474||0.2954555109203076||[132, 579, 643, 759]||#@
475||0.1844222516757327||[282]||#@
477||0.27241402779348367||[16, 70, 161]||#@
495||0.1844222516757327||[324]||#@
499||0.1844222516757327||[731]||#@
510||0.27241402779348367||[8, 54, 203]||#@
518||0.1844222516757327||[311]||#@
527||0.1844222516757327||[613]||#@
535||0.1844222516757327||[626]||#@
538||0.1844222516757327||[443]||#@
540||0.1844222516757327||[802]||#@
543||0.1844222516757327||[996]||#@
549||0.1844222516757327||[504]||#@
553||0.23993888129802018||[1278, 1295]||#@
556||0.23993888129802018||[12, 344]||#@
560||0.27241402779348367||[11, 342, 413]||#@
562||0.1844222516757327||[713]||#@
563||0.1844222516757327||[1574]||#@
564||0.1844222516757327||[492]||#@
565||0.1844222516757327||[505]||#@
566||0.1844222516757327||[870]||#@
567||0.1844222516757327||[453]||#@
569||0.1844222516757327||[576]||#@
572||0.1844222516757327||[334]||#@
574||0.27241402779348367||[499, 700, 1259]||#@
576||0.23993888129802018||[802, 1042]||#@
577||0.23993888129802018||[11, 342]||#@
578||0.1844222516757327||[538]||#@
579||0.23993888129802018||[14, 348]||#@
580||0.23993888129802018||[441, 744]||#@
581||0.23993888129802018||[810, 1240]||#@
586||0.23993888129802018||[12, 344]||#@
587||0.1844222516757327||[581]||#@
588||0.23993888129802018||[16, 352]||#@
589||0.1844222516757327||[452]||#@
591||0.23993888129802018||[14, 348]||#@
593||0.1844222516757327||[774]||#@
597||0.1844222516757327||[420]||#@
601||0.23993888129802018||[16, 352]||#@
602||0.23993888129802018||[11, 342]||#@
603||0.1844222516757327||[1136]||#@
605||0.27241402779348367||[17, 354, 537]||#@
607||0.1844222516757327||[333]||#@
610||0.23993888129802018||[10, 340]||#@
611||0.1844222516757327||[664]||#@
612||0.1844222516757327||[441]||#@
619||0.23993888129802018||[12, 344]||#@
620||0.1844222516757327||[429]||#@
624||0.1844222516757327||[1361]||#@
626||0.27241402779348367||[13, 346, 448]||#@
627||0.1844222516757327||[441]||#@
628||0.23993888129802018||[9, 338]||#@
634||0.1844222516757327||[333]||#@
641||0.1844222516757327||[411]||#@
645||0.23993888129802018||[12, 344]||#@
648||0.1844222516757327||[544]||#@
649||0.23993888129802018||[20, 360]||#@
652||0.23993888129802018||[13, 346]||#@
653||0.1844222516757327||[712]||#@
654||0.23993888129802018||[17, 354]||#@
655||0.1844222516757327||[471]||#@
656||0.1844222516757327||[799]||#@
657||0.23993888129802018||[446, 462]||#@
658||0.23993888129802018||[8, 336]||#@
660||0.27241402779348367||[10, 340, 477]||#@
661||0.27241402779348367||[15, 350, 450]||#@
662||0.1844222516757327||[465]||#@
664||0.23993888129802018||[9, 338]||#@
665||0.1844222516757327||[967]||#@
670||0.23993888129802018||[10, 340]||#@
672||0.23993888129802018||[771, 904]||#@
673||0.1844222516757327||[516]||#@
674||0.1844222516757327||[1196]||#@
675||0.1844222516757327||[1107]||#@
676||0.1844222516757327||[647]||#@
678||0.1844222516757327||[481]||#@
681||0.27241402779348367||[887, 1266, 1445]||#@
688||0.1844222516757327||[586]||#@
692||0.1844222516757327||[515]||#@
695||0.27241402779348367||[10, 340, 534]||#@
696||0.1844222516757327||[558]||#@
698||0.1844222516757327||[409]||#@
699||0.1844222516757327||[542]||#@
705||0.23993888129802018||[578, 772]||#@
706||0.23993888129802018||[9, 338]||#@
707||0.1844222516757327||[541]||#@
708||0.23993888129802018||[10, 340]||#@
712||0.23993888129802018||[422, 513]||#@
714||0.1844222516757327||[397]||#@
719||0.23993888129802018||[552, 845]||#@
722||0.1844222516757327||[716]||#@
723||0.1844222516757327||[416]||#@
727||0.23993888129802018||[13, 346]||#@
730||0.23993888129802018||[566, 579]||#@
732||0.1844222516757327||[411]||#@
735||0.23993888129802018||[10, 340]||#@
739||0.23993888129802018||[1080, 1092]||#@
741||0.23993888129802018||[13, 346]||#@
743||0.1844222516757327||[458]||#@
744||0.27241402779348367||[11, 342, 417]||#@
745||0.23993888129802018||[1138, 1151]||#@
751||0.23993888129802018||[11, 342]||#@
756||0.23993888129802018||[331, 621]||#@
758||0.23993888129802018||[7, 334]||#@
760||0.1844222516757327||[443]||#@
761||0.27241402779348367||[17, 354, 512]||#@
766||0.1844222516757327||[333]||#@
767||0.1844222516757327||[611]||#@
768||0.1844222516757327||[516]||#@
773||0.1844222516757327||[518]||#@
774||0.1844222516757327||[333]||#@
778||0.1844222516757327||[949]||#@
780||0.27241402779348367||[11, 342, 477]||#@
785||0.1844222516757327||[429]||#@
792||0.1844222516757327||[571]||#@
793||0.1844222516757327||[732]||#@
799||0.23993888129802018||[1219, 1227]||#@
802||0.23993888129802018||[502, 899]||#@
803||0.1844222516757327||[452]||#@
804||0.23993888129802018||[661, 670]||#@
806||0.1844222516757327||[356]||#@
808||0.1844222516757327||[799]||#@
809||0.27241402779348367||[333, 635, 967]||#@
810||0.1844222516757327||[597]||#@
811||0.1844222516757327||[1140]||#@
812||0.1844222516757327||[712]||#@
816||0.27241402779348367||[17, 354, 537]||#@
817||0.23993888129802018||[12, 344]||#@
818||0.1844222516757327||[665]||#@
827||0.1844222516757327||[503]||#@
829||0.1844222516757327||[339]||#@
831||0.1844222516757327||[669]||#@
832||0.23993888129802018||[578, 772]||#@
833||0.1844222516757327||[717]||#@
834||0.1844222516757327||[487]||#@
836||0.23993888129802018||[17, 354]||#@
837||0.1844222516757327||[647]||#@
840||0.27241402779348367||[335, 749, 818]||#@
842||0.1844222516757327||[849]||#@
843||0.1844222516757327||[507]||#@
846||0.1844222516757327||[554]||#@
847||0.1844222516757327||[507]||#@
848||0.27241402779348367||[14, 348, 446]||#@
852||0.23993888129802018||[10, 340]||#@
854||0.1844222516757327||[732]||#@
857||0.23993888129802018||[637, 1191]||#@
858||0.23993888129802018||[1278, 1295]||#@
859||0.1844222516757327||[487]||#@
861||0.1844222516757327||[582]||#@
866||0.23993888129802018||[9, 338]||#@
867||0.1844222516757327||[541]||#@
869||0.23993888129802018||[15, 350]||#@
870||0.27241402779348367||[11, 342, 437]||#@
872||0.1844222516757327||[424]||#@
873||0.1844222516757327||[716]||#@
874||0.27241402779348367||[888, 1267, 1446]||#@
882||0.23993888129802018||[329, 626]||#@
884||0.1844222516757327||[541]||#@
886||0.1844222516757327||[603]||#@
888||0.1844222516757327||[385]||#@
889||0.23993888129802018||[17, 354]||#@
890||0.27241402779348367||[575, 718, 814]||#@
891||0.1844222516757327||[522]||#@
892||0.23993888129802018||[13, 346]||#@
894||0.27241402779348367||[15, 350, 452]||#@
895||0.1844222516757327||[1311]||#@
896||0.1844222516757327||[1931]||#@
897||0.23993888129802018||[9, 338]||#@
899||0.1844222516757327||[554]||#@
902||0.1844222516757327||[596]||#@
905||0.23993888129802018||[515, 1050]||#@
909||0.23993888129802018||[10, 340]||#@
910||0.1844222516757327||[949]||#@
911||0.1844222516757327||[538]||#@
913||0.27241402779348367||[14, 348, 464]||#@
914||0.23993888129802018||[1138, 1151]||#@
919||0.2954555109203076||[373, 541, 830, 921]||#@
921||0.1844222516757327||[558]||#@
922||0.1844222516757327||[689]||#@
924||0.27241402779348367||[17, 354, 459]||#@
925||0.23993888129802018||[8, 336]||#@
926||0.23993888129802018||[555, 1063]||#@
927||0.1844222516757327||[492]||#@
929||0.23993888129802018||[575, 718]||#@
930||0.23993888129802018||[12, 344]||#@
932||0.27241402779348367||[332, 876, 1011]||#@
939||0.1844222516757327||[332]||#@
941||0.1844222516757327||[416]||#@
942||0.1844222516757327||[461]||#@
944||0.23993888129802018||[9, 338]||#@
946||0.27241402779348367||[440, 932, 1065]||#@
947||0.23993888129802018||[17, 354]||#@
948||0.27241402779348367||[11, 342, 477]||#@
949||0.27241402779348367||[17, 354, 449]||#@
955||0.23993888129802018||[2451, 2472]||#@
957||0.1844222516757327||[484]||#@
958||0.2954555109203076||[452, 882, 1038, 1128]||#@
960||0.1844222516757327||[1574]||#@
963||0.1844222516757327||[397]||#@
965||0.23993888129802018||[17, 354]||#@
966||0.1844222516757327||[667]||#@
968||0.1844222516757327||[535]||#@
972||0.1844222516757327||[576]||#@
974||0.27241402779348367||[15, 350, 450]||#@
976||0.1844222516757327||[551]||#@
979||0.23993888129802018||[11, 342]||#@
990||0.23993888129802018||[771, 904]||#@
992||0.1844222516757327||[582]||#@
994||0.27241402779348367||[14, 348, 464]||#@
998||0.27241402779348367||[12, 344, 472]||#@
999||0.23993888129802018||[13, 346]||#@
1001||0.27241402779348367||[440, 714, 941]||#@
1008||0.27241402779348367||[16, 352, 416]||#@
1015||0.23993888129802018||[5, 330]||#@
1021||0.23993888129802018||[469, 945]||#@
1022||0.23993888129802018||[17, 354]||#@
1028||0.1844222516757327||[1283]||#@
1029||0.1844222516757327||[454]||#@
1030||0.1844222516757327||[385]||#@
1033||0.27241402779348367||[499, 700, 1259]||#@
1034||0.27241402779348367||[440, 714, 941]||#@
1035||0.1844222516757327||[509]||#@
1036||0.1844222516757327||[424]||#@
1042||0.1844222516757327||[844]||#@
1043||0.23993888129802018||[11, 342]||#@
1045||0.1844222516757327||[1931]||#@
1046||0.23993888129802018||[9, 338]||#@
1048||0.27241402779348367||[647, 848, 1407]||#@
1050||0.27241402779348367||[11, 342, 435]||#@
1051||0.1844222516757327||[996]||#@
1053||0.1844222516757327||[664]||#@
1056||0.1844222516757327||[458]||#@
1057||0.1844222516757327||[596]||#@
1058||0.23993888129802018||[450, 1140]||#@
1059||0.1844222516757327||[1341]||#@
1061||0.1844222516757327||[413]||#@
1066||0.1844222516757327||[480]||#@
1067||0.27241402779348367||[13, 346, 448]||#@
1068||0.23993888129802018||[450, 747]||#@
1070||0.1844222516757327||[799]||#@
1074||0.23993888129802018||[801, 1041]||#@
1075||0.1844222516757327||[442]||#@
1076||0.1844222516757327||[938]||#@
1077||0.23993888129802018||[551, 563]||#@
1078||0.1844222516757327||[603]||#@
1080||0.23993888129802018||[12, 344]||#@
1082||0.23993888129802018||[1219, 1227]||#@
1087||0.1844222516757327||[816]||#@
1088||0.23993888129802018||[446, 462]||#@
1092||0.1844222516757327||[1156]||#@
1094||0.1844222516757327||[471]||#@
1096||0.23993888129802018||[450, 1140]||#@
1100||0.1844222516757327||[401]||#@
1102||0.23993888129802018||[480, 676]||#@
1104||0.1844222516757327||[1156]||#@
1107||0.1844222516757327||[1140]||#@
1108||0.1844222516757327||[409]||#@
1109||0.1844222516757327||[742]||#@
1111||0.23993888129802018||[9, 338]||#@
1120||0.1844222516757327||[465]||#@
1122||0.1844222516757327||[582]||#@
1131||0.1844222516757327||[777]||#@
1134||0.27241402779348367||[12, 344, 472]||#@
1135||0.3133278737291779||[333, 426, 682, 878, 1155]||#@
1137||0.27241402779348367||[14, 348, 459]||#@
1139||0.1844222516757327||[777]||#@
1140||0.1844222516757327||[554]||#@
1142||0.1844222516757327||[332]||#@
1143||0.27241402779348367||[13, 346, 432]||#@
1148||0.1844222516757327||[332]||#@
1149||0.23993888129802018||[14, 348]||#@
1157||0.1844222516757327||[356]||#@
1159||0.2954555109203076||[342, 557, 657, 1145]||#@
1160||0.23993888129802018||[12, 344]||#@
1161||0.27241402779348367||[11, 342, 413]||#@
1162||0.1844222516757327||[464]||#@
1165||0.23993888129802018||[11, 342]||#@
1167||0.1844222516757327||[719]||#@
1173||0.1844222516757327||[334]||#@
1174||0.23993888129802018||[14, 348]||#@
1176||0.1844222516757327||[571]||#@
1177||0.23993888129802018||[616, 622]||#@
1179||0.1844222516757327||[333]||#@
1181||0.23993888129802018||[406, 893]||#@
1184||0.1844222516757327||[522]||#@
1185||0.27241402779348367||[6, 332, 423]||#@
1186||0.1844222516757327||[743]||#@
1189||0.1844222516757327||[458]||#@
1194||0.1844222516757327||[471]||#@
1196||0.27241402779348367||[14, 348, 446]||#@
1197||0.23993888129802018||[17, 354]||#@
1199||0.1844222516757327||[556]||#@
1200||0.27241402779348367||[11, 342, 417]||#@
1208||0.1844222516757327||[395]||#@
1209||0.23993888129802018||[406, 893]||#@
1214||0.2954555109203076||[489, 562, 746, 848]||#@
1215||0.23993888129802018||[637, 1191]||#@
1216||0.1844222516757327||[426]||#@
1217||0.1844222516757327||[420]||#@
1222||0.23993888129802018||[892, 1010]||#@
1224||0.1844222516757327||[594]||#@
1225||0.23993888129802018||[441, 744]||#@
1226||0.1844222516757327||[503]||#@
1227||0.27241402779348367||[440, 567, 660]||#@
1231||0.1844222516757327||[689]||#@
1233||0.1844222516757327||[413]||#@
1234||0.23993888129802018||[9, 338]||#@
1239||0.1844222516757327||[458]||#@
1240||0.1844222516757327||[481]||#@
1242||0.1844222516757327||[624]||#@
1245||0.1844222516757327||[581]||#@
1247||0.27241402779348367||[14, 348, 459]||#@
1248||0.1844222516757327||[802]||#@
1249||0.2954555109203076||[342, 557, 657, 1145]||#@
1250||0.23993888129802018||[10, 340]||#@
1256||0.1844222516757327||[586]||#@
1257||0.1844222516757327||[537]||#@
1261||0.23993888129802018||[838, 1141]||#@
1262||0.1844222516757327||[736]||#@
1267||0.1844222516757327||[742]||#@
1268||0.23993888129802018||[422, 513]||#@
1269||0.1844222516757327||[452]||#@
1271||0.23993888129802018||[332, 451]||#@
1272||0.27241402779348367||[6, 332, 423]||#@
1273||0.1844222516757327||[431]||#@
1274||0.23993888129802018||[14, 348]||#@
1277||0.27241402779348367||[843, 1145, 1477]||#@
1278||0.23993888129802018||[661, 670]||#@
1280||0.1844222516757327||[510]||#@
1284||0.23993888129802018||[17, 354]||#@
1286||0.27241402779348367||[10, 340, 477]||#@
1291||0.23993888129802018||[455, 472]||#@
1296||0.23993888129802018||[11, 342]||#@
1299||0.1844222516757327||[446]||#@
1300||0.23993888129802018||[382, 1093]||#@
1302||0.23993888129802018||[417, 428]||#@
1303||0.1844222516757327||[360]||#@
1304||0.1844222516757327||[505]||#@
1307||0.23993888129802018||[12, 344]||#@
1310||0.1844222516757327||[573]||#@
1311||0.23993888129802018||[2451, 2472]||#@
1312||0.23993888129802018||[566, 579]||#@
1313||0.1844222516757327||[454]||#@
1319||0.23993888129802018||[10, 340]||#@
1320||0.2954555109203076||[8, 336, 426, 484]||#@
1324||0.23993888129802018||[9, 338]||#@
1328||0.1844222516757327||[1116]||#@
1329||0.23993888129802018||[337, 798]||#@
1330||0.1844222516757327||[471]||#@
1335||0.2954555109203076||[335, 435, 923, 1187]||#@
1339||0.1844222516757327||[611]||#@
1341||0.1844222516757327||[582]||#@
1342||0.1844222516757327||[586]||#@
1343||0.1844222516757327||[501]||#@
1345||0.23993888129802018||[12, 344]||#@
1353||0.27241402779348367||[11, 342, 437]||#@
1355||0.23993888129802018||[12, 344]||#@
1356||0.1844222516757327||[549]||#@
1361||0.1844222516757327||[844]||#@
1366||0.23993888129802018||[13, 346]||#@
1373||0.1844222516757327||[420]||#@
1374||0.23993888129802018||[13, 346]||#@
1375||0.1844222516757327||[535]||#@
1376||0.1844222516757327||[1107]||#@
1380||0.1844222516757327||[1103]||#@
1381||0.27241402779348367||[8, 336, 440]||#@
1386||0.23993888129802018||[9, 338]||#@
1388||0.1844222516757327||[596]||#@
1390||0.23993888129802018||[20, 360]||#@
1404||0.1844222516757327||[400]||#@
1408||0.1844222516757327||[474]||#@
1409||0.23993888129802018||[9, 338]||#@
1411||0.1844222516757327||[667]||#@
1415||0.23993888129802018||[18, 356]||#@
1418||0.23993888129802018||[450, 1140]||#@
1420||0.23993888129802018||[372, 540]||#@
1421||0.1844222516757327||[587]||#@
1425||0.1844222516757327||[932]||#@
1426||0.1844222516757327||[1041]||#@
1427||0.23993888129802018||[372, 383]||#@
1428||0.1844222516757327||[597]||#@
1429||0.1844222516757327||[474]||#@
1430||0.1844222516757327||[596]||#@
1431||0.1844222516757327||[1196]||#@
1433||0.1844222516757327||[884]||#@
1437||0.1844222516757327||[1156]||#@
1438||0.23993888129802018||[14, 348]||#@
1444||0.23993888129802018||[16, 352]||#@
1445||0.1844222516757327||[665]||#@
1449||0.1844222516757327||[556]||#@
1455||0.23993888129802018||[478, 494]||#@
1457||0.1844222516757327||[480]||#@
1465||0.1844222516757327||[338]||#@
1470||0.23993888129802018||[15, 350]||#@
1476||0.1844222516757327||[1283]||#@
1480||0.27241402779348367||[440, 932, 1065]||#@
1481||0.1844222516757327||[774]||#@
1482||0.27241402779348367||[15, 350, 452]||#@
1483||0.1844222516757327||[537]||#@
1484||0.1844222516757327||[596]||#@
1489||0.23993888129802018||[9, 338]||#@
1494||0.1844222516757327||[401]||#@
1499||0.23993888129802018||[332, 451]||#@
1501||0.23993888129802018||[11, 342]||#@
1509||0.1844222516757327||[549]||#@
1512||0.1844222516757327||[475]||#@
1515||0.1844222516757327||[549]||#@
1516||0.1844222516757327||[511]||#@
1524||0.1844222516757327||[816]||#@
1525||0.1844222516757327||[461]||#@
1526||0.1844222516757327||[420]||#@
1527||0.23993888129802018||[9, 338]||#@
1534||0.23993888129802018||[14, 348]||#@
1535||0.23993888129802018||[11, 342]||#@
1537||0.1844222516757327||[967]||#@
1538||0.23993888129802018||[13, 346]||#@
1540||0.23993888129802018||[417, 428]||#@
1542||0.1844222516757327||[743]||#@
1543||0.23993888129802018||[17, 354]||#@
1545||0.1844222516757327||[1014]||#@
1546||0.1844222516757327||[1157]||#@
1547||0.2954555109203076||[490, 563, 747, 849]||#@
1549||0.23993888129802018||[10, 340]||#@
1550||0.1844222516757327||[1336]||#@
1552||0.1844222516757327||[932]||#@
1555||0.1844222516757327||[1361]||#@
1556||0.1844222516757327||[452]||#@
1557||0.23993888129802018||[18, 356]||#@
1558||0.1844222516757327||[807]||#@
1559||0.1844222516757327||[511]||#@
1566||0.23993888129802018||[810, 1240]||#@
1571||0.23993888129802018||[7, 334]||#@
1573||0.1844222516757327||[633]||#@
1575||0.1844222516757327||[397]||#@
1581||0.23993888129802018||[9, 338]||#@
1582||0.23993888129802018||[3, 326]||#@
1583||0.1844222516757327||[339]||#@
1585||0.23993888129802018||[522, 1110]||#@
1586||0.1844222516757327||[799]||#@
1587||0.27241402779348367||[330, 420, 1146]||#@
1588||0.1844222516757327||[509]||#@
1593||0.23993888129802018||[11, 342]||#@
1594||0.23993888129802018||[9, 338]||#@
1602||0.1844222516757327||[1020]||#@
1604||0.23993888129802018||[17, 354]||#@
1611||0.1844222516757327||[501]||#@
1616||0.1844222516757327||[504]||#@
1617||0.23993888129802018||[16, 352]||#@
1619||0.1844222516757327||[1136]||#@
1622||0.23993888129802018||[478, 494]||#@
1624||0.27241402779348367||[11, 342, 435]||#@
1627||0.1844222516757327||[1020]||#@
1628||0.23993888129802018||[575, 718]||#@
1629||0.1844222516757327||[475]||#@
1635||0.1844222516757327||[541]||#@
1640||0.1844222516757327||[544]||#@
1641||0.27241402779348367||[16, 352, 416]||#@
1642||0.1844222516757327||[633]||#@
1644||0.1844222516757327||[554]||#@
1645||0.23993888129802018||[502, 899]||#@
1648||0.1844222516757327||[736]||#@
1649||0.1844222516757327||[1041]||#@
1651||0.1844222516757327||[1103]||#@
1653||0.1844222516757327||[464]||#@
1656||0.27241402779348367||[17, 354, 512]||#@
1657||0.1844222516757327||[518]||#@
1658||0.1844222516757327||[484]||#@
1661||0.3133278737291779||[333, 426, 682, 878, 1155]||#@
1664||0.27241402779348367||[13, 346, 432]||#@
1669||0.23993888129802018||[15, 350]||#@
1673||0.1844222516757327||[717]||#@
1675||0.1844222516757327||[551]||#@
1676||0.1844222516757327||[411]||#@
1682||0.1844222516757327||[713]||#@
1684||0.1844222516757327||[453]||#@
1694||0.23993888129802018||[11, 342]||#@
1697||0.23993888129802018||[13, 346]||#@
1699||0.23993888129802018||[719, 873]||#@
1703||0.1844222516757327||[870]||#@
1704||0.27241402779348367||[440, 567, 660]||#@
1707||0.23993888129802018||[12, 344]||#@
1708||0.23993888129802018||[450, 747]||#@
1710||0.23993888129802018||[17, 354]||#@
1711||0.1844222516757327||[596]||#@
1714||0.27241402779348367||[404, 800, 1074]||#@
1716||0.1844222516757327||[392]||#@
1718||0.1844222516757327||[689]||#@
1727||0.1844222516757327||[460]||#@
1728||0.23993888129802018||[455, 472]||#@
1730||0.1844222516757327||[360]||#@
1734||0.1844222516757327||[334]||#@
1737||0.27241402779348367||[333, 635, 967]||#@
1740||0.1844222516757327||[395]||#@
1741||0.1844222516757327||[690]||#@
1746||0.1844222516757327||[669]||#@
1747||0.23993888129802018||[13, 346]||#@
1751||0.23993888129802018||[7, 334]||#@
1757||0.23993888129802018||[3, 326]||#@
1759||0.23993888129802018||[334, 403]||#@
1761||0.1844222516757327||[542]||#@
1762||0.1844222516757327||[1336]||#@
1766||0.1844222516757327||[1156]||#@
1767||0.1844222516757327||[400]||#@
1775||0.23993888129802018||[5, 330]||#@
1776||0.27241402779348367||[10, 340, 534]||#@
1777||0.27241402779348367||[335, 749, 818]||#@
1780||0.1844222516757327||[382]||#@
1782||0.23993888129802018||[17, 354]||#@
1784||0.23993888129802018||[480, 676]||#@
1786||0.2954555109203076||[8, 336, 426, 484]||#@
1788||0.23993888129802018||[9, 338]||#@
1792||0.1844222516757327||[338]||#@
1794||0.1844222516757327||[626]||#@
1795||0.1844222516757327||[515]||#@
1796||0.23993888129802018||[11, 342]||#@
1800||0.23993888129802018||[12, 344]||#@
1802||0.1844222516757327||[573]||#@
1803||0.1844222516757327||[587]||#@
1804||0.23993888129802018||[9, 338]||#@
1807||0.2954555109203076||[489, 562, 746, 848]||#@
1809||0.23993888129802018||[11, 342]||#@
1812||0.27241402779348367||[6, 332, 452]||#@
1813||0.27241402779348367||[6, 332, 452]||#@
1824||0.27241402779348367||[17, 354, 449]||#@
1826||0.23993888129802018||[17, 354]||#@
1827||0.23993888129802018||[11, 342]||#@
1828||0.1844222516757327||[416]||#@
1829||0.1844222516757327||[1311]||#@
1830||0.1844222516757327||[1131]||#@
1832||0.23993888129802018||[329, 626]||#@
1833||0.23993888129802018||[15, 350]||#@
1834||0.1844222516757327||[1131]||#@
1841||0.23993888129802018||[394, 588]||#@
1848||0.23993888129802018||[15, 350]||#@
1849||0.1844222516757327||[586]||#@
1852||0.1844222516757327||[413]||#@
1853||0.23993888129802018||[1080, 1092]||#@
1856||0.23993888129802018||[372, 540]||#@
1858||0.1844222516757327||[620]||#@
1859||0.23993888129802018||[512, 1176]||#@
1863||0.23993888129802018||[14, 348]||#@
1864||0.23993888129802018||[10, 340]||#@
1866||0.1844222516757327||[1116]||#@
1867||0.1844222516757327||[1029]||#@
1868||0.27241402779348367||[17, 354, 459]||#@
1869||0.1844222516757327||[807]||#@
1873||0.23993888129802018||[12, 344]||#@
1874||0.27241402779348367||[8, 336, 440]||#@
1876||0.23993888129802018||[12, 344]||#@
1878||0.1844222516757327||[442]||#@
1881||0.1844222516757327||[446]||#@
1882||0.23993888129802018||[7, 334]||#@
1889||0.23993888129802018||[372, 383]||#@
1891||0.23993888129802018||[17, 354]||#@
1894||0.1844222516757327||[416]||#@
1896||0.23993888129802018||[10, 340]||#@
1902||0.1844222516757327||[966]||#@
1906||0.1844222516757327||[411]||#@
1907||0.1844222516757327||[413]||#@
1908||0.1844222516757327||[624]||#@
1912||0.1844222516757327||[938]||#@
1913||0.1844222516757327||[411]||#@
1918||0.23993888129802018||[14, 348]||#@
1919||0.1844222516757327||[690]||#@
1920||0.23993888129802018||[14, 348]||#@
1922||0.1844222516757327||[397]||#@
1923||0.23993888129802018||[12, 344]||#@
1925||0.23993888129802018||[551, 563]||#@
1930||0.1844222516757327||[460]||#@
1931||0.1844222516757327||[620]||#@
1934||0.27241402779348367||[646, 936, 1089]||#@
1935||0.1844222516757327||[333]||#@
1936||0.1844222516757327||[594]||#@
1940||0.1844222516757327||[549]||#@
1942||0.1844222516757327||[689]||#@
1944||0.27241402779348367||[646, 936, 1089]||#@
1949||0.23993888129802018||[9, 338]||#@
1950||0.1844222516757327||[510]||#@
1951||0.23993888129802018||[13, 346]||#@
1954||0.23993888129802018||[9, 338]||#@
1955||0.1844222516757327||[426]||#@
1959||0.1844222516757327||[1341]||#@
1960||0.1844222516757327||[392]||#@
1963||0.27241402779348367||[330, 420, 1146]||#@
1964||0.1844222516757327||[849]||#@
1967||0.1844222516757327||[719]||#@
1971||0.1844222516757327||[382]||#@
1972||0.23993888129802018||[15, 350]||#@
1973||0.23993888129802018||[9, 338]||#@
1976||0.1844222516757327||[507]||#@
1979||0.23993888129802018||[13, 346]||#@
1980||0.1844222516757327||[431]||#@
1981||0.23993888129802018||[801, 1041]||#@
1982||0.23993888129802018||[331, 621]||#@
1983||0.27241402779348367||[887, 1266, 1445]||#@
1984||0.23993888129802018||[445, 709]||#@
1986||0.23993888129802018||[616, 622]||#@
qualcomm
{417, 35, 199, 138, 76, 493}
35||2.221848749616356||[165]||#@
76||2.221848749616356||[269]||#@
138||4.099528773125265||[0, 47, 60, 150, 157, 236, 250]||#@
199||2.221848749616356||[269]||#@
417||3.281940012830625||[565, 578, 668]||#@
493||4.099528773125265||[0, 47, 60, 150, 157, 236, 250]||#@
quall
{522, 45}
45||2.6989700043360183||[114]||#@
522||5.274441914175085||[126, 388, 478, 568, 586, 644, 667, 687, 721]||#@
quit
{1792, 769, 642, 1797, 1542, 1655, 1164, 915, 1044, 1912, 408, 1311, 289, 1186, 291, 931, 1443, 1828, 1830, 1789, 1834, 428, 45, 430, 1327, 1969, 1076, 1844, 55, 56, 1465, 442, 187, 955, 190, 1344, 1602, 71, 711, 1228, 205, 1485, 80, 1744, 1877, 1623, 1879, 1371, 1627, 1503, 738, 1507, 484, 742, 631, 1894, 1770, 759, 1132, 369, 881, 373, 503, 504, 1529, 1144, 765}
45||1.1739251972991736||[230]||#@
55||1.1739251972991736||[1296]||#@
56||1.5273118943519821||[415, 937]||#@
71||1.1739251972991736||[434]||#@
80||1.1739251972991736||[70]||#@
187||1.5273118943519821||[430, 504]||#@
190||1.1739251972991736||[81]||#@
205||1.1739251972991736||[645]||#@
289||1.1739251972991736||[645]||#@
291||1.1739251972991736||[127]||#@
369||1.5273118943519821||[430, 504]||#@
373||1.1739251972991736||[434]||#@
408||1.1739251972991736||[448]||#@
428||1.5273118943519821||[1070, 1576]||#@
430||1.5273118943519821||[415, 937]||#@
442||1.1739251972991736||[320]||#@
484||1.1739251972991736||[533]||#@
503||1.5273118943519821||[1070, 1576]||#@
504||1.1739251972991736||[320]||#@
631||1.1739251972991736||[3372]||#@
642||1.1739251972991736||[451]||#@
711||1.1739251972991736||[448]||#@
738||1.1739251972991736||[929]||#@
742||1.1739251972991736||[671]||#@
759||1.5273118943519821||[697, 1219]||#@
765||1.1739251972991736||[458]||#@
769||1.5273118943519821||[396, 764]||#@
881||1.1739251972991736||[554]||#@
915||1.1739251972991736||[554]||#@
931||1.1739251972991736||[451]||#@
955||1.5273118943519821||[1352, 1858]||#@
1044||1.1739251972991736||[363]||#@
1076||1.5273118943519821||[489, 827]||#@
1132||1.1739251972991736||[367]||#@
1144||1.1739251972991736||[709]||#@
1164||1.1739251972991736||[677]||#@
1186||1.1739251972991736||[389]||#@
1228||1.1739251972991736||[671]||#@
1311||1.5273118943519821||[1352, 1858]||#@
1327||1.1739251972991736||[367]||#@
1344||1.1739251972991736||[443]||#@
1371||1.1739251972991736||[596]||#@
1443||1.1739251972991736||[677]||#@
1465||1.1739251972991736||[895]||#@
1485||1.1739251972991736||[363]||#@
1503||1.1739251972991736||[666]||#@
1507||1.1739251972991736||[376]||#@
1529||1.1739251972991736||[376]||#@
1542||1.1739251972991736||[389]||#@
1602||1.1739251972991736||[730]||#@
1623||1.1739251972991736||[929]||#@
1627||1.1739251972991736||[730]||#@
1655||1.5273118943519821||[697, 1219]||#@
1744||1.1739251972991736||[709]||#@
1770||1.1739251972991736||[3372]||#@
1789||1.1739251972991736||[522]||#@
1792||1.1739251972991736||[895]||#@
1797||1.1739251972991736||[443]||#@
1828||1.1739251972991736||[958]||#@
1830||1.1739251972991736||[913]||#@
1834||1.1739251972991736||[913]||#@
1844||1.5273118943519821||[396, 764]||#@
1877||1.1739251972991736||[522]||#@
1879||1.1739251972991736||[596]||#@
1894||1.1739251972991736||[958]||#@
1912||1.5273118943519821||[489, 827]||#@
1969||1.1739251972991736||[458]||#@
quicker
{532, 45}
45||2.6989700043360183||[433]||#@
532||2.6989700043360183||[134]||#@
quest
{1925, 1289, 1165, 929, 675, 437, 1077, 55, 1593, 699, 835, 1093, 1739, 209, 1368, 728, 1628, 1376, 1761, 1510, 1770, 631, 890}
55||1.6382721639824072||[482]||#@
209||1.6382721639824072||[180]||#@
437||1.6382721639824072||[180]||#@
631||2.783375265544769||[5221, 5245, 5280, 5353, 6829]||#@
675||1.6382721639824072||[576]||#@
699||1.6382721639824072||[535]||#@
728||2.4199266344339896||[506, 594, 771]||#@
835||1.6382721639824072||[796]||#@
890||1.6382721639824072||[568]||#@
929||1.6382721639824072||[568]||#@
1077||1.6382721639824072||[556]||#@
1093||2.4199266344339896||[506, 594, 771]||#@
1165||2.1314412264024525||[4, 335]||#@
1289||1.6382721639824072||[736]||#@
1368||1.6382721639824072||[736]||#@
1376||1.6382721639824072||[576]||#@
1510||1.6382721639824072||[796]||#@
1593||2.1314412264024525||[4, 335]||#@
1628||1.6382721639824072||[568]||#@
1739||2.4199266344339896||[506, 594, 771]||#@
1761||1.6382721639824072||[535]||#@
1770||2.783375265544769||[5221, 5245, 5280, 5353, 6829]||#@
1925||1.6382721639824072||[556]||#@
quirki
{56, 1655, 430, 759}
56||3.1197918790850676||[473, 700]||#@
430||3.1197918790850676||[473, 700]||#@
759||3.1197918790850676||[755, 982]||#@
1655||3.1197918790850676||[755, 982]||#@
qatar
{62}
62||2.9999999999999996||[417]||#@
quizz
{68, 328, 553, 465, 474, 858}
68||2.221848749616356||[180]||#@
328||2.221848749616356||[157]||#@
465||2.89069186907939||[5, 54]||#@
474||2.221848749616356||[573]||#@
553||2.221848749616356||[594]||#@
858||2.221848749616356||[594]||#@
quip
{110, 78, 130}
78||2.5228787452803374||[112]||#@
110||2.5228787452803374||[109]||#@
130||2.5228787452803374||[112]||#@
quadcopt
{130, 786, 78, 855}
78||3.1197918790850676||[612, 630]||#@
130||3.1197918790850676||[612, 630]||#@
786||3.5420481543521176||[1054, 1108, 1138]||#@
855||3.5420481543521176||[1054, 1108, 1138]||#@
qualit
{1542, 1032, 778, 910, 912, 1553, 1818, 1564, 1820, 1952, 801, 1186, 932, 1829, 1578, 437, 1854, 1602, 584, 202, 1486, 209, 1236, 1627, 1500, 92, 1768, 747, 895}
92||1.5376020021010437||[975]||#@
202||1.5376020021010437||[194]||#@
209||1.5376020021010437||[412]||#@
437||1.5376020021010437||[412]||#@
584||1.5376020021010437||[634]||#@
747||1.5376020021010437||[447]||#@
778||1.5376020021010437||[772]||#@
801||1.5376020021010437||[634]||#@
895||1.5376020021010437||[641]||#@
910||1.5376020021010437||[772]||#@
912||1.5376020021010437||[1055]||#@
932||1.5376020021010437||[739]||#@
1032||1.5376020021010437||[622]||#@
1186||1.5376020021010437||[581]||#@
1236||1.5376020021010437||[690]||#@
1486||1.5376020021010437||[622]||#@
1500||1.5376020021010437||[650]||#@
1542||1.5376020021010437||[581]||#@
1553||1.5376020021010437||[508]||#@
1564||1.5376020021010437||[690]||#@
1578||1.5376020021010437||[447]||#@
1602||1.5376020021010437||[512]||#@
1627||1.5376020021010437||[512]||#@
1768||1.5376020021010437||[508]||#@
1818||1.5376020021010437||[650]||#@
1820||2.2712245986029584||[385, 405, 413]||#@
1829||1.5376020021010437||[641]||#@
1854||1.5376020021010437||[1055]||#@
1952||2.2712245986029584||[385, 405, 413]||#@
quantit
{1032, 1289, 778, 910, 1039, 1553, 1820, 1564, 1952, 801, 932, 1578, 1839, 436, 584, 202, 1486, 1236, 1368, 92, 96, 1768, 747}
92||1.6382721639824072||[977]||#@
96||1.6382721639824072||[195]||#@
202||1.6382721639824072||[196]||#@
436||1.6382721639824072||[195]||#@
584||1.6382721639824072||[636]||#@
747||1.6382721639824072||[532]||#@
778||1.6382721639824072||[768]||#@
801||1.6382721639824072||[636]||#@
910||1.6382721639824072||[768]||#@
932||1.6382721639824072||[741]||#@
1032||1.6382721639824072||[624]||#@
1039||1.6382721639824072||[1681]||#@
1236||1.6382721639824072||[692]||#@
1289||1.6382721639824072||[585]||#@
1368||1.6382721639824072||[585]||#@
1486||1.6382721639824072||[624]||#@
1553||1.6382721639824072||[510]||#@
1564||1.6382721639824072||[692]||#@
1578||1.6382721639824072||[532]||#@
1768||1.6382721639824072||[510]||#@
1820||2.4199266344339896||[387, 445, 451]||#@
1839||1.6382721639824072||[1681]||#@
1952||2.4199266344339896||[387, 445, 451]||#@
quantum
{97, 219, 527, 211, 371, 406, 119, 283}
97||2.0969100130080562||[446]||#@
119||3.0973903494486836||[61, 72, 157]||#@
211||2.0969100130080562||[73]||#@
219||2.0969100130080562||[179]||#@
283||2.0969100130080562||[73]||#@
371||2.0969100130080562||[473]||#@
406||2.0969100130080562||[754]||#@
527||2.0969100130080562||[155]||#@
qualifi
{1248, 1890, 100, 868, 1095, 745, 912, 209, 862, 914, 1854, 437, 823, 504, 442, 443, 540, 1277, 731, 319}
100||1.6989700043360185||[108]||#@
209||1.6989700043360185||[2672]||#@
319||1.6989700043360185||[223]||#@
437||1.6989700043360185||[2672]||#@
442||2.210410937374524||[481, 493]||#@
443||1.6989700043360185||[439]||#@
504||2.210410937374524||[481, 493]||#@
540||1.6989700043360185||[754]||#@
731||1.6989700043360185||[552]||#@
745||1.6989700043360185||[455]||#@
823||1.6989700043360185||[754]||#@
862||1.6989700043360185||[789]||#@
868||1.6989700043360185||[754]||#@
912||2.210410937374524||[1261, 1271]||#@
914||1.6989700043360185||[455]||#@
1095||1.6989700043360185||[552]||#@
1248||1.6989700043360185||[754]||#@
1277||1.6989700043360185||[797]||#@
1854||2.210410937374524||[1261, 1271]||#@
1890||1.6989700043360185||[789]||#@
quantiti
{769, 236, 558, 112, 1844, 405, 790}
112||2.1549019599857426||[171]||#@
236||2.1549019599857426||[171]||#@
405||2.1549019599857426||[153]||#@
558||2.1549019599857426||[936]||#@
769||2.1549019599857426||[1171]||#@
790||2.1549019599857426||[936]||#@
1844||2.1549019599857426||[1171]||#@
queen
{198, 712, 298, 1268, 919, 1341, 861}
198||2.1549019599857426||[410]||#@
298||2.1549019599857426||[432]||#@
712||2.1549019599857426||[361]||#@
861||2.1549019599857426||[367]||#@
919||2.1549019599857426||[769]||#@
1268||2.1549019599857426||[361]||#@
1341||2.1549019599857426||[367]||#@
qo
{219}
219||2.9999999999999996||[1046]||#@
quarterli
{259, 231, 745, 914, 382}
231||2.301029995663981||[51]||#@
259||2.301029995663981||[253]||#@
382||2.301029995663981||[253]||#@
745||2.301029995663981||[1073]||#@
914||2.301029995663981||[1073]||#@
quick
{324, 550, 1801, 1131, 238, 562, 1010, 1139, 1682, 1213}
238||2.0||[186]||#@
324||2.0||[151]||#@
550||2.0||[423]||#@
562||2.0||[609]||#@
1010||2.0||[423]||#@
1131||2.0||[404]||#@
1139||2.0||[404]||#@
1213||2.0||[468]||#@
1682||2.0||[609]||#@
1801||2.0||[468]||#@
quickest
{261}
261||2.9999999999999996||[176]||#@
qunaibit
{495, 287}
287||2.6989700043360183||[286]||#@
495||2.6989700043360183||[286]||#@
quiet
{1790, 331, 830, 295}
295||2.397940008672037||[497]||#@
331||2.397940008672037||[497]||#@
830||2.397940008672037||[389]||#@
1790||2.397940008672037||[389]||#@
quantenna
{307}
307||2.9999999999999996||[147]||#@
quietli
{336, 488}
336||2.6989700043360183||[526]||#@
488||2.6989700043360183||[83]||#@
quo
{352, 1760, 1316, 1703, 1128, 1521, 566}
352||2.1549019599857426||[223]||#@
566||2.1549019599857426||[826]||#@
1128||2.8035920876565554||[580, 1268]||#@
1316||2.1549019599857426||[920]||#@
1521||2.1549019599857426||[920]||#@
1703||2.1549019599857426||[826]||#@
1760||2.8035920876565554||[580, 1268]||#@
qr
{482}
482||2.9999999999999996||[550]||#@
queer
{1155, 903, 1159, 1418, 1547, 1674, 654, 1807, 1169, 534, 918, 1022, 1818, 924, 1056, 1058, 1189, 1829, 935, 1703, 681, 1832, 1068, 1708, 814, 1965, 561, 1073, 1074, 566, 1335, 825, 1337, 1468, 573, 1214, 1981, 576, 1983, 580, 1096, 1225, 1482, 1228, 1357, 1868, 1106, 1490, 596, 1880, 1754, 1500, 1760, 1121, 1249, 1763, 1888, 742, 1128, 874, 1770, 1133, 1773, 1007, 882, 1910, 631, 894, 895}
534||1.9727605653448972||[434, 475, 503, 526, 567]||#@
561||1.1611509092627446||[662]||#@
566||2.4919785200220534||[9, 341, 357, 447, 470, 489, 526, 582, 607, 619, 643, 687, 778, 816]||#@
573||2.4142431943702456||[2, 327, 345, 378, 381, 442, 452, 463, 504, 525, 531, 549]||#@
576||2.142437266841462||[490, 501, 562, 571, 589, 622, 625]||#@
580||1.9727605653448972||[1009, 1040, 1077, 1084, 1142]||#@
596||1.1611509092627446||[770]||#@
631||1.860233415623928||[333, 352, 356, 380]||#@
654||1.5106921624433365||[384, 408]||#@
681||1.1611509092627446||[552]||#@
742||1.1611509092627446||[423]||#@
814||1.860233415623928||[350, 524, 534, 551]||#@
825||1.1611509092627446||[481]||#@
874||1.1611509092627446||[553]||#@
882||1.1611509092627446||[862]||#@
894||1.1611509092627446||[415]||#@
895||1.1611509092627446||[423]||#@
903||1.860233415623928||[350, 524, 534, 551]||#@
918||2.2097746688045197||[2, 328, 339, 400, 571, 583, 589, 751]||#@
924||1.1611509092627446||[442]||#@
935||2.142437266841462||[4, 336, 367, 404, 411, 466, 470]||#@
1007||1.1611509092627446||[382]||#@
1022||1.5106921624433365||[384, 408]||#@
1056||1.1611509092627446||[461]||#@
1058||1.5106921624433365||[1168, 1192]||#@
1068||1.1611509092627446||[983]||#@
1073||2.142437266841462||[4, 336, 367, 404, 411, 466, 470]||#@
1074||2.142437266841462||[489, 500, 561, 570, 588, 621, 624]||#@
1096||1.5106921624433365||[1168, 1192]||#@
1106||1.1611509092627446||[598]||#@
1121||1.1611509092627446||[463]||#@
1128||2.7637844475508375||[383, 413, 475, 492, 506, 517, 547, 551, 621, 646, 659, 699, 704, 750, 766, 838, 845, 1068, 1167, 1208, 1326, 1353, 1391, 1418]||#@
1133||2.2097746688045197||[2, 328, 339, 400, 571, 583, 589, 751]||#@
1155||2.4142431943702456||[2, 327, 345, 378, 381, 442, 452, 463, 504, 525, 531, 549]||#@
1159||1.5106921624433365||[740, 756]||#@
1169||1.1611509092627446||[595]||#@
1189||1.1611509092627446||[461]||#@
1214||1.1611509092627446||[627]||#@
1225||1.9727605653448972||[1009, 1040, 1077, 1084, 1142]||#@
1228||1.1611509092627446||[423]||#@
1249||1.5106921624433365||[740, 756]||#@
1335||1.5106921624433365||[518, 534]||#@
1337||1.1611509092627446||[770]||#@
1357||1.1611509092627446||[370]||#@
1418||1.5106921624433365||[1168, 1192]||#@
1468||1.1611509092627446||[382]||#@
1482||1.1611509092627446||[415]||#@
1490||1.1611509092627446||[481]||#@
1500||1.1611509092627446||[427]||#@
1547||1.1611509092627446||[628]||#@
1674||1.9727605653448972||[422, 453, 490, 497, 555]||#@
1703||2.4919785200220534||[9, 341, 357, 447, 470, 489, 526, 582, 607, 619, 643, 687, 778, 816]||#@
1708||1.1611509092627446||[983]||#@
1754||1.1611509092627446||[635]||#@
1760||2.7637844475508375||[383, 413, 475, 492, 506, 517, 547, 551, 621, 646, 659, 699, 704, 750, 766, 838, 845, 1068, 1167, 1208, 1326, 1353, 1391, 1418]||#@
1763||1.1611509092627446||[635]||#@
1770||1.860233415623928||[333, 352, 356, 380]||#@
1773||1.1611509092627446||[662]||#@
1807||1.1611509092627446||[627]||#@
1818||1.1611509092627446||[427]||#@
1829||1.1611509092627446||[423]||#@
1832||1.1611509092627446||[862]||#@
1868||1.1611509092627446||[442]||#@
1880||1.9727605653448972||[434, 475, 503, 526, 567]||#@
1888||1.1611509092627446||[463]||#@
1910||1.1611509092627446||[598]||#@
1965||1.1611509092627446||[370]||#@
1981||2.142437266841462||[489, 500, 561, 570, 588, 621, 624]||#@
1983||1.1611509092627446||[552]||#@
qgcon
{576, 1133, 1074, 918, 1981}
576||2.301029995663981||[505]||#@
918||3.9093809417105425||[343, 413, 513, 579, 604]||#@
1074||2.301029995663981||[504]||#@
1133||3.9093809417105425||[343, 413, 513, 579, 604]||#@
1981||2.301029995663981||[504]||#@
quartz
{1538, 1291, 1295, 1168, 1679, 1815, 1563, 926, 1056, 1444, 1061, 1189, 1575, 1828, 1074, 693, 827, 1597, 1981, 576, 1728, 963, 1098, 1226, 1871, 978, 600, 601, 1884, 1503, 741, 1894, 1907, 757, 1014, 1915}
576||1.8782937511668365||[786, 918]||#@
600||1.4436974992327125||[925]||#@
601||2.1325162615022633||[0, 336, 468]||#@
693||1.8782937511668365||[679, 748]||#@
741||2.1325162615022633||[0, 333, 437]||#@
757||1.4436974992327125||[741]||#@
827||1.4436974992327125||[490]||#@
926||1.8782937511668365||[1050, 1154]||#@
963||1.8782937511668365||[384, 488]||#@
978||1.4436974992327125||[777]||#@
1014||2.1325162615022633||[0, 333, 402]||#@
1056||1.4436974992327125||[442]||#@
1061||1.4436974992327125||[400]||#@
1074||1.8782937511668365||[785, 917]||#@
1098||1.4436974992327125||[921]||#@
1168||2.1325162615022633||[0, 331, 414]||#@
1189||1.4436974992327125||[442]||#@
1226||1.4436974992327125||[490]||#@
1291||1.4436974992327125||[456]||#@
1295||1.4436974992327125||[925]||#@
1444||2.1325162615022633||[0, 336, 468]||#@
1503||1.8782937511668365||[463, 546]||#@
1538||2.1325162615022633||[0, 333, 437]||#@
1563||1.8782937511668365||[893, 962]||#@
1575||1.8782937511668365||[384, 488]||#@
1597||2.1325162615022633||[0, 331, 414]||#@
1679||1.4436974992327125||[741]||#@
1728||1.4436974992327125||[456]||#@
1815||1.8782937511668365||[679, 748]||#@
1828||1.8782937511668365||[755, 838]||#@
1871||1.4436974992327125||[777]||#@
1884||2.1325162615022633||[0, 333, 402]||#@
1894||1.8782937511668365||[755, 838]||#@
1907||1.4436974992327125||[400]||#@
1915||1.4436974992327125||[921]||#@
1981||1.8782937511668365||[785, 917]||#@
qualif
{864, 1441, 1605, 1736, 1417, 632, 1017, 1085}
632||2.0969100130080562||[717]||#@
864||2.0969100130080562||[695]||#@
1017||2.0969100130080562||[727]||#@
1085||2.0969100130080562||[695]||#@
1417||2.0969100130080562||[711]||#@
1441||2.0969100130080562||[727]||#@
1605||2.0969100130080562||[711]||#@
1736||2.0969100130080562||[717]||#@
questionnair
{656, 737, 1586, 1287}
656||2.397940008672037||[653]||#@
737||2.397940008672037||[704]||#@
1287||2.397940008672037||[704]||#@
1586||2.397940008672037||[653]||#@
qiaozhu
{676, 837}
676||2.6989700043360183||[489]||#@
837||2.6989700043360183||[489]||#@
quadflapp
{720, 1364}
720||2.6989700043360183||[863]||#@
1364||2.6989700043360183||[863]||#@
quevedo
{720, 1364}
720||2.6989700043360183||[916]||#@
1364||2.6989700043360183||[916]||#@
quicksilv
{811, 1107, 739, 1853}
739||2.397940008672037||[515]||#@
811||2.397940008672037||[470]||#@
1107||2.397940008672037||[470]||#@
1853||2.397940008672037||[515]||#@
quake'
{770}
770||2.9999999999999996||[381]||#@
qingyang
{771, 1590}
771||2.6989700043360183||[1643]||#@
1590||2.6989700043360183||[1643]||#@
qingyl6
{771, 1590}
771||2.6989700043360183||[1646]||#@
1590||2.6989700043360183||[1646]||#@
qian
{771, 1590}
771||2.6989700043360183||[1870]||#@
1590||2.6989700043360183||[1870]||#@
quota
{778, 910}
778||2.6989700043360183||[1247]||#@
910||2.6989700043360183||[1247]||#@
queijo
{940, 1895}
940||2.6989700043360183||[662]||#@
1895||2.6989700043360183||[662]||#@
quach
{1009, 1395}
1009||2.6989700043360183||[512]||#@
1395||2.6989700043360183||[512]||#@
quinn
{1097, 1326}
1097||2.6989700043360183||[653]||#@
1326||2.6989700043360183||[653]||#@
queerli
{1128, 1760}
1128||2.6989700043360183||[1302]||#@
1760||2.6989700043360183||[1302]||#@
queensland
{1793, 1383}
1383||2.6989700043360183||[541]||#@
1793||2.6989700043360183||[541]||#@
queneau
{1576, 1781}
1576||2.6989700043360183||[1107]||#@
1781||2.6989700043360183||[1107]||#@
quadrad
{1808}
1808||2.9999999999999996||[617]||#@
