xingbo
{5, 15}
5||4.58546907996955||[34, 350, 403, 465, 495]||#@
15||4.58546907996955||[34, 350, 403, 465, 495]||#@
xing
{5, 15}
5||2.6989700043360183||[36]||#@
15||2.6989700043360183||[36]||#@
xml
{20, 14}
14||4.323911861740992||[74, 206, 208, 210]||#@
20||2.6989700043360183||[1013]||#@
xdir
{14}
14||2.9999999999999996||[160]||#@
xftp
{14}
14||2.9999999999999996||[161]||#@
xvf
{17, 18}
17||2.6989700043360183||[47]||#@
18||2.6989700043360183||[50]||#@
xplore
{237, 45, 532, 470, 30}
30||2.301029995663981||[648]||#@
45||2.9937090452814||[358, 443]||#@
237||2.301029995663981||[233]||#@
470||2.301029995663981||[451]||#@
532||3.3989003143427587||[1, 59, 144]||#@
xu
{771, 389, 518, 532, 31, 32, 419, 169, 1451, 45, 174, 305, 1204, 1590, 183, 1725, 326, 329, 202, 81, 85, 473, 92, 1378, 105, 106, 876, 237, 365, 367, 621, 625, 1779, 500, 249}
31||1.455931955649724||[641]||#@
32||1.455931955649724||[274]||#@
45||1.8942111459460123||[446, 461]||#@
81||1.455931955649724||[183]||#@
85||1.8942111459460123||[102, 265]||#@
92||1.8942111459460123||[1006, 1024]||#@
105||1.455931955649724||[65]||#@
106||1.455931955649724||[312]||#@
169||1.455931955649724||[917]||#@
174||1.455931955649724||[240]||#@
183||1.455931955649724||[274]||#@
202||1.455931955649724||[225]||#@
237||2.47358472100316||[0, 44, 59, 101, 181]||#@
249||2.5888672274120603||[1, 47, 61, 90, 141, 207]||#@
305||1.455931955649724||[240]||#@
326||1.455931955649724||[149]||#@
329||1.455931955649724||[928]||#@
365||1.455931955649724||[542]||#@
367||2.6863371977634296||[0, 46, 64, 126, 184, 210, 286]||#@
389||2.150588037115772||[531, 550, 656]||#@
419||2.6863371977634296||[0, 46, 64, 126, 184, 210, 286]||#@
473||1.455931955649724||[1009]||#@
500||1.455931955649724||[97]||#@
518||1.455931955649724||[312]||#@
532||1.455931955649724||[147]||#@
621||1.455931955649724||[923]||#@
625||1.455931955649724||[577]||#@
771||1.455931955649724||[2095]||#@
876||1.455931955649724||[923]||#@
1204||1.455931955649724||[698]||#@
1378||1.455931955649724||[529]||#@
1451||1.455931955649724||[529]||#@
1590||1.455931955649724||[2095]||#@
1725||1.455931955649724||[577]||#@
1779||1.455931955649724||[698]||#@
xiaohui
{416, 329, 169, 43, 490, 366, 498, 374, 87, 473, 447}
43||1.9586073148417746||[170]||#@
87||1.9586073148417746||[170]||#@
169||2.548206866336036||[780, 796]||#@
329||2.548206866336036||[791, 807]||#@
366||1.9586073148417746||[63]||#@
374||1.9586073148417746||[157]||#@
416||1.9586073148417746||[52]||#@
447||1.9586073148417746||[983]||#@
473||2.548206866336036||[872, 888]||#@
490||1.9586073148417746||[157]||#@
498||1.9586073148417746||[1496]||#@
xie
{416, 739, 295, 169, 329, 43, 331, 490, 366, 1853, 498, 1460, 374, 87, 1432, 473, 219, 477, 447}
43||2.5424896406422577||[171, 264, 317]||#@
87||2.5424896406422577||[171, 264, 317]||#@
169||2.2393931950889843||[781, 797]||#@
219||1.721246399047171||[261]||#@
295||1.721246399047171||[621]||#@
329||2.2393931950889843||[792, 808]||#@
331||1.721246399047171||[621]||#@
366||2.5424896406422577||[10, 59, 64]||#@
374||1.721246399047171||[158]||#@
416||2.2393931950889843||[48, 53]||#@
447||1.721246399047171||[984]||#@
473||2.2393931950889843||[873, 889]||#@
477||1.721246399047171||[160]||#@
490||1.721246399047171||[158]||#@
498||1.721246399047171||[1497]||#@
739||1.721246399047171||[596]||#@
1432||1.721246399047171||[834]||#@
1460||1.721246399047171||[834]||#@
1853||1.721246399047171||[596]||#@
xerox
{64, 672, 1536, 1664, 1763, 1509, 358, 839, 1480, 1576, 1356, 1392, 946, 1781, 1143, 1754, 923, 990}
64||1.7447274948966938||[438]||#@
358||1.7447274948966938||[206]||#@
672||1.7447274948966938||[905]||#@
839||1.7447274948966938||[495]||#@
923||1.7447274948966938||[495]||#@
946||1.7447274948966938||[1066]||#@
990||1.7447274948966938||[905]||#@
1143||1.7447274948966938||[349]||#@
1356||1.7447274948966938||[523]||#@
1392||1.7447274948966938||[793]||#@
1480||1.7447274948966938||[1066]||#@
1509||1.7447274948966938||[523]||#@
1536||1.7447274948966938||[793]||#@
1576||1.7447274948966938||[740]||#@
1664||1.7447274948966938||[349]||#@
1754||1.7447274948966938||[1004]||#@
1763||1.7447274948966938||[1004]||#@
1781||1.7447274948966938||[740]||#@
xiaoyi
{329, 169, 473}
169||2.5228787452803374||[481]||#@
329||2.5228787452803374||[492]||#@
473||2.5228787452803374||[573]||#@
xikui
{329, 169, 174, 305, 473}
169||2.301029995663981||[532]||#@
174||2.301029995663981||[232]||#@
305||2.301029995663981||[232]||#@
329||2.301029995663981||[543]||#@
473||2.301029995663981||[624]||#@
xiaozhu
{217, 371}
217||3.5114409330385055||[44, 174]||#@
371||2.6989700043360183||[614]||#@
xroad
{217}
217||2.9999999999999996||[200]||#@
xsel
{217}
217||2.9999999999999996||[204]||#@
xieaffili
{219}
219||2.9999999999999996||[380]||#@
xieshuang
{219}
219||2.9999999999999996||[836]||#@
xin
{771, 707, 676, 389, 837, 1635, 301, 1779, 1204, 1590}
301||2.6020599913279625||[102, 249]||#@
389||2.0||[632]||#@
676||2.0||[479]||#@
707||2.6020599913279625||[425, 450]||#@
771||2.0||[1472]||#@
837||2.0||[479]||#@
1204||2.0||[968]||#@
1590||2.0||[1472]||#@
1635||2.6020599913279625||[425, 450]||#@
1779||2.0||[968]||#@
xinyi
{355, 499}
355||2.6989700043360183||[139]||#@
499||2.6989700043360183||[590]||#@
xiangyu
{771, 1924, 389, 1263, 1590}
389||2.301029995663981||[650]||#@
771||2.301029995663981||[1559]||#@
1263||2.301029995663981||[610]||#@
1590||2.301029995663981||[1559]||#@
1924||2.301029995663981||[610]||#@
xhx
{498}
498||2.9999999999999996||[1512]||#@
xbox
{1093, 1739, 1040, 728, 1434, 606, 1567}
606||2.8035920876565554||[443, 465]||#@
728||2.1549019599857426||[442]||#@
1040||2.8035920876565554||[443, 465]||#@
1093||2.1549019599857426||[442]||#@
1434||2.1549019599857426||[539]||#@
1567||2.1549019599857426||[539]||#@
1739||2.1549019599857426||[442]||#@
xiaoyu
{720, 1649, 1426, 1364}
720||2.397940008672037||[1079]||#@
1364||2.397940008672037||[1079]||#@
1426||2.397940008672037||[924]||#@
1649||2.397940008672037||[924]||#@
xiaosong
{720, 1649, 1426, 1364}
720||2.397940008672037||[1081]||#@
1364||2.397940008672037||[1081]||#@
1426||2.397940008672037||[930]||#@
1649||2.397940008672037||[930]||#@
xiangyj5
{771, 1590}
771||2.6989700043360183||[1563]||#@
1590||2.6989700043360183||[1563]||#@
xiaomi
{771, 1590}
771||2.6989700043360183||[1676]||#@
1590||2.6989700043360183||[1676]||#@
xiaoml6
{771, 1590}
771||2.6989700043360183||[1680]||#@
1590||2.6989700043360183||[1680]||#@
xuan
{771, 1590}
771||2.6989700043360183||[1981]||#@
1590||2.6989700043360183||[1981]||#@
xshi6
{771, 1590}
771||2.6989700043360183||[1985]||#@
1590||2.6989700043360183||[1985]||#@
xinxin
{771, 1590}
771||2.6989700043360183||[2184]||#@
1590||2.6989700043360183||[2184]||#@
xinxinz6
{771, 1590}
771||2.6989700043360183||[2187]||#@
1590||2.6989700043360183||[2187]||#@
xinru
{932, 1768, 1553, 1236, 1564}
932||2.301029995663981||[582]||#@
1236||2.301029995663981||[533]||#@
1553||2.301029995663981||[351]||#@
1564||2.301029995663981||[533]||#@
1768||2.301029995663981||[351]||#@
xianghua
{1032, 970, 1486, 1394, 1138, 1748, 1749, 1719}
970||3.0973903494486836||[0, 321, 326]||#@
1032||2.0969100130080562||[318]||#@
1138||2.0969100130080562||[337]||#@
1394||2.0969100130080562||[320]||#@
1486||2.0969100130080562||[318]||#@
1719||2.0969100130080562||[320]||#@
1748||2.0969100130080562||[337]||#@
1749||3.0973903494486836||[0, 321, 326]||#@
xtractaur
{1400, 997}
997||2.6989700043360183||[536]||#@
1400||2.6989700043360183||[536]||#@
xxooc
{1690, 1103}
1103||2.6989700043360183||[480]||#@
1690||2.6989700043360183||[480]||#@
xiaon
{1649, 1426}
1426||2.6989700043360183||[793]||#@
1649||2.6989700043360183||[793]||#@
