zheng
{2, 1027, 132, 772, 1798, 383, 652, 277, 664, 923, 412, 796, 1179, 31, 1312, 1437, 290, 804, 1445, 1318, 39, 552, 1449, 429, 695, 1978, 1346, 1987, 964, 78, 854, 604, 1245, 867, 484, 1123, 487, 618, 364, 1275, 255}
2,1,0,#@
31,1,0,#@
39,1,0,#@
78,1,0,#@
132,7,0,#@
255,1,0,#@
277,8,0,#@
290,1,0,#@
364,1,0,#@
383,1,0,#@
412,1,0,#@
429,8,0,#@
484,1,0,#@
487,1,0,#@
552,1,0,#@
604,7,0,#@
618,3,0,#@
652,1,0,#@
664,2,0,#@
695,3,0,#@
772,1,0,#@
796,1,0,#@
804,4,0,#@
854,3,0,#@
867,1,0,#@
923,3,0,#@
964,1,0,#@
1027,1,0,#@
1123,1,0,#@
1179,2,0,#@
1245,4,0,#@
1275,1,0,#@
1312,3,0,#@
1318,2,0,#@
1346,1,0,#@
1437,1,0,#@
1445,1,0,#@
1449,3,0,#@
1798,2,0,#@
1978,1,0,#@
1987,1,0,#@
zotfind
{705, 163, 932, 1253, 423, 1033, 876, 1168, 17, 50, 371, 435, 1240, 249}
17,1,0,#@
50,5,0,#@
163,5,0,#@
249,1,0,#@
371,7,0,#@
423,7,0,#@
435,1,0,#@
705,1,0,#@
876,1,0,#@
932,1,0,#@
1033,1,0,#@
1168,1,0,#@
1240,1,0,#@
1253,1,0,#@
ziv
{642, 1400, 773, 262, 1030, 1032, 521, 139, 399, 911, 1168, 275, 277, 24, 25, 152, 923, 1818, 1181, 31, 1183, 1312, 1058, 163, 165, 1445, 423, 40, 552, 1066, 1194, 1324, 429, 557, 1328, 50, 946, 1202, 821, 1332, 1219, 836, 964, 1223, 331, 78, 592, 1746, 979, 1239, 1240, 473, 1382, 103, 1256, 364, 876, 622, 1265, 371, 1652, 248, 1146}
24,1,0,#@
25,3,0,#@
31,1,0,#@
40,1,0,#@
50,6,0,#@
78,2,0,#@
103,2,0,#@
139,6,0,#@
152,2,0,#@
163,6,0,#@
165,5,0,#@
248,1,0,#@
262,1,0,#@
275,2,0,#@
277,1,0,#@
331,1,0,#@
364,9,0,#@
371,3,0,#@
399,1,0,#@
423,3,0,#@
429,1,0,#@
473,3,0,#@
521,3,0,#@
552,9,0,#@
557,1,0,#@
592,2,0,#@
622,1,0,#@
642,1,0,#@
773,1,0,#@
821,1,0,#@
836,1,0,#@
876,1,0,#@
911,3,0,#@
923,2,0,#@
946,3,0,#@
964,2,0,#@
979,1,0,#@
1030,1,0,#@
1032,2,0,#@
1058,1,0,#@
1066,2,0,#@
1146,3,0,#@
1168,1,0,#@
1181,1,0,#@
1183,1,0,#@
1194,5,0,#@
1202,3,0,#@
1219,1,0,#@
1223,6,0,#@
1239,3,0,#@
1240,1,0,#@
1256,3,0,#@
1265,1,0,#@
1312,2,0,#@
1324,1,0,#@
1328,2,0,#@
1332,2,0,#@
1382,3,0,#@
1400,1,0,#@
1445,1,0,#@
1652,1,0,#@
1746,2,0,#@
1818,2,0,#@
zhang
{1312, 1569, 931, 1146, 1382, 1930, 1962, 1966, 1969, 946, 1202, 1843, 1625, 26, 923, 1980, 1693, 1855}
26,1,0,#@
923,1,0,#@
931,1,0,#@
946,1,0,#@
1146,1,0,#@
1202,1,0,#@
1312,1,0,#@
1382,1,0,#@
1569,1,0,#@
1625,3,0,#@
1693,2,0,#@
1843,2,0,#@
1855,3,0,#@
1930,1,0,#@
1962,1,0,#@
1966,1,0,#@
1969,1,0,#@
1980,1,0,#@
zaldivar
{385, 749, 1005, 239, 47, 912, 1171, 30, 831}
30,1,0,#@
47,2,0,#@
239,1,0,#@
385,2,0,#@
749,1,0,#@
831,1,0,#@
912,1,0,#@
1005,1,0,#@
1171,1,0,#@
zillow
{35, 221}
35,1,0,#@
221,1,0,#@
zonta
{1315, 1221, 710, 1244, 52, 1076, 54, 983, 1402, 348}
52,4,0,#@
54,1,0,#@
348,3,0,#@
710,3,0,#@
983,1,0,#@
1076,1,0,#@
1221,4,0,#@
1244,1,0,#@
1315,3,0,#@
1402,3,0,#@
zarki
{642, 1923, 1551, 1807, 923, 155, 1312, 673, 1958, 1582, 1714, 1590, 55, 700, 1480, 996, 1510, 622, 1530}
55,1,0,#@
155,9,0,#@
622,1,0,#@
642,1,0,#@
673,1,0,#@
700,9,0,#@
923,1,0,#@
996,1,0,#@
1312,1,0,#@
1480,13,0,#@
1510,1,0,#@
1530,3,0,#@
1551,4,0,#@
1582,2,0,#@
1590,1,0,#@
1714,1,0,#@
1807,9,0,#@
1923,1,0,#@
1958,1,0,#@
zhou
{1312, 923, 621, 95}
95,1,0,#@
621,1,0,#@
923,3,0,#@
1312,3,0,#@
zero
{1921, 642, 1414, 648, 521, 396, 271, 275, 404, 1441, 1317, 1456, 436, 440, 698, 314, 1725, 1982, 1731, 197, 1483, 592, 979, 733, 737, 98, 1891, 1256, 361, 622, 1135, 242, 243, 1523, 1650, 764}
98,1,0,#@
197,1,0,#@
242,1,0,#@
243,4,0,#@
271,1,0,#@
275,1,0,#@
314,3,0,#@
361,1,0,#@
396,1,0,#@
404,1,0,#@
436,1,0,#@
440,1,0,#@
521,1,0,#@
592,1,0,#@
622,1,0,#@
642,1,0,#@
648,1,0,#@
698,1,0,#@
733,3,0,#@
737,1,0,#@
764,1,0,#@
979,2,0,#@
1135,4,0,#@
1256,1,0,#@
1317,1,0,#@
1414,1,0,#@
1441,3,0,#@
1456,1,0,#@
1483,1,0,#@
1523,1,0,#@
1650,5,0,#@
1725,1,0,#@
1731,1,0,#@
1891,1,0,#@
1921,1,0,#@
1982,1,0,#@
zone
{1792, 267, 1931, 532, 1818, 157, 802, 550, 948, 1332, 1094, 209, 1746, 851, 341, 854, 730, 736, 1123, 1763, 613, 614, 103, 618, 1007, 1652}
103,1,0,#@
157,1,0,#@
209,1,0,#@
267,1,0,#@
341,4,0,#@
532,4,0,#@
550,1,0,#@
613,1,0,#@
614,1,0,#@
618,1,0,#@
730,1,0,#@
736,1,0,#@
802,1,0,#@
851,1,0,#@
854,1,0,#@
948,1,0,#@
1007,1,0,#@
1094,1,0,#@
1123,1,0,#@
1332,1,0,#@
1652,1,0,#@
1746,1,0,#@
1763,4,0,#@
1792,1,0,#@
1818,1,0,#@
1931,4,0,#@
zika
{132, 604}
132,1,0,#@
604,1,0,#@
zuboff
{948, 157}
157,1,0,#@
948,1,0,#@
zimmerman
{948, 157}
157,8,0,#@
948,8,0,#@
zoo
{353, 1537, 1481, 207, 1713}
207,1,0,#@
353,1,0,#@
1481,1,0,#@
1537,1,0,#@
1713,1,0,#@
zammitto
{242, 436}
242,1,0,#@
436,1,0,#@
zachari
{836, 842, 399, 242, 1234, 436}
242,1,0,#@
399,1,0,#@
436,1,0,#@
836,1,0,#@
842,1,0,#@
1234,1,0,#@
zhu
{1537, 261, 1382, 1096, 1481, 1769, 1866, 1713, 1146, 1502}
261,1,0,#@
1096,1,0,#@
1146,1,0,#@
1382,1,0,#@
1481,1,0,#@
1502,1,0,#@
1537,1,0,#@
1713,1,0,#@
1769,1,0,#@
1866,1,0,#@
zhao
{1537, 262, 1681, 1682, 1562, 1822, 1568, 1576, 1833, 557, 1713, 946, 1202, 1204, 1714, 1724, 1858, 1604, 1605, 1736, 1481, 1610, 989, 1886, 1633, 1382, 1510, 1911, 1146, 1533}
262,1,0,#@
557,1,0,#@
946,1,0,#@
989,1,0,#@
1146,1,0,#@
1202,1,0,#@
1204,1,0,#@
1382,1,0,#@
1481,3,0,#@
1510,2,0,#@
1533,5,0,#@
1537,3,0,#@
1562,1,0,#@
1568,1,0,#@
1576,1,0,#@
1604,1,0,#@
1605,1,0,#@
1610,2,0,#@
1633,5,0,#@
1681,3,0,#@
1682,1,0,#@
1713,3,0,#@
1714,1,0,#@
1724,1,0,#@
1736,1,0,#@
1822,1,0,#@
1833,1,0,#@
1858,5,0,#@
1886,1,0,#@
1911,1,0,#@
zach
{352, 965, 870, 680, 847, 1298, 918, 1303, 1334, 1050, 511}
352,1,0,#@
511,1,0,#@
680,1,0,#@
847,1,0,#@
870,2,0,#@
918,1,0,#@
965,1,0,#@
1050,1,0,#@
1298,2,0,#@
1303,2,0,#@
1334,1,0,#@
zine
{1307, 406}
406,1,0,#@
1307,1,0,#@
zarat
{512, 1347, 1573, 519, 526, 1460, 409}
409,11,0,#@
512,1,0,#@
519,1,0,#@
526,1,0,#@
1347,11,0,#@
1460,1,0,#@
1573,11,0,#@
zyln8
{452, 1165}
452,1,0,#@
1165,1,0,#@
zhaoxia
{1243, 462, 1567}
462,1,0,#@
1243,1,0,#@
1567,1,0,#@
zyliu
{1089, 687, 560, 497, 693, 1370}
497,1,0,#@
560,1,0,#@
687,1,0,#@
693,1,0,#@
1089,1,0,#@
1370,1,0,#@
zachklein
{1050, 511}
511,1,0,#@
1050,1,0,#@
zotlink
{1409, 714}
714,3,0,#@
1409,3,0,#@
zambia
{826, 1259}
826,1,0,#@
1259,1,0,#@
zaber
{1312, 923, 1011, 919}
919,1,0,#@
923,1,0,#@
1011,1,0,#@
1312,1,0,#@
zerui
{1312, 923}
923,1,0,#@
1312,1,0,#@
zeruil1
{1312, 923}
923,1,0,#@
1312,1,0,#@
zhendong
{1312, 923}
923,1,0,#@
1312,1,0,#@
zhendow
{1312, 923}
923,1,0,#@
1312,1,0,#@
zhouy46
{1312, 923}
923,1,0,#@
1312,1,0,#@
zivbas
{1202, 946}
946,1,0,#@
1202,1,0,#@
zoloft
{1344, 959}
959,1,0,#@
1344,1,0,#@
zot
{1682, 1204, 989, 1911}
989,3,0,#@
1204,3,0,#@
1682,3,0,#@
1911,3,0,#@
zhuang
{1382, 1962, 1966, 1969, 1146, 1980}
1146,1,0,#@
1382,1,0,#@
1962,3,0,#@
1966,3,0,#@
1969,3,0,#@
1980,3,0,#@
zhen
{1146, 1382}
1146,1,0,#@
1382,1,0,#@
zijia
{1936, 1460}
1460,1,0,#@
1936,1,0,#@
zuckerberg
{1762, 1764, 1471, 1773, 1742, 1941, 1565, 1535}
1471,1,0,#@
1535,1,0,#@
1565,1,0,#@
1742,2,0,#@
1762,1,0,#@
1764,1,0,#@
1773,1,0,#@
1941,1,0,#@
zongheng
{1481, 1713, 1537}
1481,1,0,#@
1537,1,0,#@
1713,1,0,#@
zhe
{1481, 1713, 1537}
1481,1,0,#@
1537,1,0,#@
1713,1,0,#@
zuozhi
{1481, 1713, 1537}
1481,1,0,#@
1537,1,0,#@
1713,1,0,#@
zealand
{1923, 1532, 1949}
1532,1,0,#@
1923,1,0,#@
1949,1,0,#@
zotbin
{1954, 1571, 1812}
1571,1,0,#@
1812,1,0,#@
1954,2,0,#@
zahra
{1576, 1604}
1576,1,0,#@
1604,1,0,#@
zucker
{1577, 1753}
1577,1,0,#@
1753,1,0,#@
zurich
{1891, 1808, 1620, 1591, 1946, 1725, 1758}
1591,1,0,#@
1620,1,0,#@
1725,5,0,#@
1758,1,0,#@
1808,1,0,#@
1891,5,0,#@
1946,1,0,#@
zhaoigravi
{1610}
1610,1,0,#@
zarkiscott
{1610}
1610,1,0,#@
zybook
{1800, 1625}
1625,1,0,#@
1800,6,0,#@
z80
{1706, 1851}
1706,1,0,#@
1851,1,0,#@
zanna
{1891, 1725}
1725,1,0,#@
1891,1,0,#@
zeppelin
{1891, 1725}
1725,1,0,#@
1891,1,0,#@
zee
{1891, 1725}
1725,1,0,#@
1891,1,0,#@
zykmunt
{1891, 1725}
1725,1,0,#@
1891,1,0,#@
zhengli
{1736, 1833}
1736,1,0,#@
1833,1,0,#@
zotbot
{1766}
1766,1,0,#@
zhaofeng
{1954}
1954,1,0,#@
zihan
{1954}
1954,1,0,#@
zoom
{1968}
1968,1,0,#@
zigbe
{1978, 1987}
1978,1,0,#@
1987,1,0,#@
